error_1=[0.0632517
0.0153241
0.0154628
7.07941e-12];
error_2=[4.07786
1.21716
1.15094
1.85962e-1];
error_3=[1.37934
0.314607
0.328155
3.05311e-16];