(0,0) 0.000162701
(0,1) 0
(0,2) 0
(0,3) 0
(0,4) 3.18042e-05
(0,5) 3.19161e-05
(1,1) 6.83824e-05
(1,0) 0
(1,2) 0
(1,3) 0
(2,2) 0.000106446
(2,0) 0
(2,1) 0
(2,4) 0
(2,6) 0
(3,3) 0.00010787
(3,0) 0
(3,1) 0
(3,5) 0
(3,7) 0
(4,4) 0.000252436
(4,0) 3.18042e-05
(4,2) 0
(4,5) 4.14575e-05
(4,6) 0
(4,8) 5.14881e-05
(4,9) 4.8555e-05
(5,5) 0.000256445
(5,0) 3.19161e-05
(5,3) 0
(5,4) 4.14575e-05
(5,7) 0
(5,8) 5.22185e-05
(5,10) 5.0004e-05
(6,6) 0.000131051
(6,2) 0
(6,4) 0
(6,9) 0
(6,11) 0
(7,7) 0.000135213
(7,3) 0
(7,5) 0
(7,10) 0
(7,13) 0
(8,8) 0.000373938
(8,4) 5.14881e-05
(8,5) 5.22185e-05
(8,9) 5.32538e-05
(8,10) 5.58757e-05
(8,12) 5.22534e-05
(8,14) 5.59053e-05
(8,16) 5.29428e-05
(9,9) 0.000285925
(9,4) 4.8555e-05
(9,6) 0
(9,8) 5.32538e-05
(9,11) 0
(9,12) 4.90175e-05
(9,15) 4.51453e-05
(10,10) 0.00030157
(10,5) 5.0004e-05
(10,7) 0
(10,8) 5.58757e-05
(10,13) 0
(10,14) 5.31112e-05
(10,17) 4.87088e-05
(11,11) 0.000135138
(11,6) 0
(11,9) 0
(11,15) 0
(11,18) 0
(12,12) 0.000259273
(12,8) 5.22534e-05
(12,9) 4.90175e-05
(12,15) 4.36397e-05
(12,16) 4.26035e-05
(12,19) 3.80152e-05
(12,20) 3.37432e-05
(13,13) 0.000141875
(13,7) 0
(13,10) 0
(13,17) 0
(13,21) 0
(14,14) 0.000300906
(14,8) 5.59053e-05
(14,10) 5.31112e-05
(14,16) 5.00496e-05
(14,17) 4.84856e-05
(14,22) 4.60622e-05
(14,23) 4.72922e-05
(15,15) 0.000264601
(15,9) 4.51453e-05
(15,11) 0
(15,12) 4.36397e-05
(15,18) 0
(15,19) 4.28894e-05
(15,24) 4.36917e-05
(16,16) 0.000260582
(16,8) 5.29428e-05
(16,12) 4.26035e-05
(16,14) 5.00496e-05
(16,20) 3.35341e-05
(16,22) 4.38141e-05
(16,25) 3.76379e-05
(17,17) 0.000284829
(17,10) 4.87088e-05
(17,13) 0
(17,14) 4.84856e-05
(17,21) 0
(17,23) 4.71406e-05
(17,26) 4.65101e-05
(18,18) 0.000132852
(18,11) 0
(18,15) 0
(18,24) 0
(18,28) 0
(19,19) 0.000247854
(19,12) 3.80152e-05
(19,15) 4.28894e-05
(19,20) 3.53382e-05
(19,24) 4.34085e-05
(19,27) 4.25033e-05
(19,29) 4.56995e-05
(20,20) 0.000174458
(20,12) 3.37432e-05
(20,16) 3.35341e-05
(20,19) 3.53382e-05
(20,25) 3.48784e-05
(20,27) 3.69639e-05
(21,21) 0.000138967
(21,13) 0
(21,17) 0
(21,26) 0
(21,31) 0
(22,22) 0.000264869
(22,14) 4.60622e-05
(22,16) 4.38141e-05
(22,23) 4.576e-05
(22,25) 4.21688e-05
(22,30) 4.42037e-05
(22,32) 4.28606e-05
(23,23) 0.000276718
(23,14) 4.72922e-05
(23,17) 4.71406e-05
(23,22) 4.576e-05
(23,26) 4.6077e-05
(23,30) 4.49899e-05
(23,33) 4.54585e-05
(24,24) 0.000264267
(24,15) 4.36917e-05
(24,18) 0
(24,19) 4.34085e-05
(24,28) 0
(24,29) 4.4147e-05
(24,34) 4.44783e-05
(25,25) 0.000239722
(25,16) 3.76379e-05
(25,20) 3.48784e-05
(25,22) 4.21688e-05
(25,27) 4.07667e-05
(25,32) 4.14564e-05
(25,35) 4.28137e-05
(26,26) 0.000275661
(26,17) 4.65101e-05
(26,21) 0
(26,23) 4.6077e-05
(26,31) 0
(26,33) 4.55932e-05
(26,37) 4.55374e-05
(27,27) 0.000292469
(27,19) 4.25033e-05
(27,20) 3.69639e-05
(27,25) 4.07667e-05
(27,29) 4.83403e-05
(27,35) 4.14627e-05
(27,36) 4.39119e-05
(27,40) 3.85203e-05
(28,28) 0.000132981
(28,18) 0
(28,24) 0
(28,34) 0
(28,38) 0
(29,29) 0.000273704
(29,19) 4.56995e-05
(29,24) 4.4147e-05
(29,27) 4.83403e-05
(29,34) 4.46084e-05
(29,36) 4.65441e-05
(29,41) 4.43648e-05
(30,30) 0.000265869
(30,22) 4.42037e-05
(30,23) 4.49899e-05
(30,32) 4.3524e-05
(30,33) 4.49187e-05
(30,39) 4.3812e-05
(30,42) 4.44205e-05
(31,31) 0.000136861
(31,21) 0
(31,26) 0
(31,37) 0
(31,44) 0
(32,32) 0.000254462
(32,22) 4.28606e-05
(32,25) 4.14564e-05
(32,30) 4.3524e-05
(32,35) 4.12208e-05
(32,39) 4.31495e-05
(32,43) 4.22506e-05
(33,33) 0.000271081
(33,23) 4.54585e-05
(33,26) 4.55932e-05
(33,30) 4.49187e-05
(33,37) 4.52998e-05
(33,42) 4.47824e-05
(33,45) 4.50287e-05
(34,34) 0.000265927
(34,24) 4.44783e-05
(34,28) 0
(34,29) 4.46084e-05
(34,38) 0
(34,41) 4.42165e-05
(34,46) 4.40247e-05
(35,35) 0.000240162
(35,25) 4.28137e-05
(35,27) 4.14627e-05
(35,32) 4.12208e-05
(35,40) 3.58412e-05
(35,43) 4.14262e-05
(35,47) 3.73976e-05
(36,36) 0.000261023
(36,27) 4.39119e-05
(36,29) 4.65441e-05
(36,40) 3.90439e-05
(36,41) 4.34459e-05
(36,48) 4.31538e-05
(36,49) 4.49236e-05
(37,37) 0.000271985
(37,26) 4.55374e-05
(37,31) 0
(37,33) 4.52998e-05
(37,44) 0
(37,45) 4.5144e-05
(37,50) 4.51807e-05
(38,38) 0.000132734
(38,28) 0
(38,34) 0
(38,46) 0
(38,53) 0
(39,39) 0.000262156
(39,30) 4.3812e-05
(39,32) 4.31495e-05
(39,42) 4.42e-05
(39,43) 4.31422e-05
(39,51) 4.41237e-05
(39,52) 4.37285e-05
(40,40) 0.000188813
(40,27) 3.85203e-05
(40,35) 3.58412e-05
(40,36) 3.90439e-05
(40,47) 3.63098e-05
(40,48) 3.90974e-05
(41,41) 0.000260841
(41,29) 4.43648e-05
(41,34) 4.42165e-05
(41,36) 4.34459e-05
(41,46) 4.3563e-05
(41,49) 4.24924e-05
(41,54) 4.27579e-05
(42,42) 0.000267347
(42,30) 4.44205e-05
(42,33) 4.47824e-05
(42,39) 4.42e-05
(42,45) 4.48403e-05
(42,51) 4.44125e-05
(42,55) 4.4691e-05
(43,43) 0.000255386
(43,32) 4.22506e-05
(43,35) 4.14262e-05
(43,39) 4.31422e-05
(43,47) 4.19847e-05
(43,52) 4.34578e-05
(43,56) 4.31246e-05
(44,44) 0.000135797
(44,31) 0
(44,37) 0
(44,50) 0
(44,57) 0
(45,45) 0.000269931
(45,33) 4.50287e-05
(45,37) 4.5144e-05
(45,42) 4.48403e-05
(45,50) 4.50798e-05
(45,55) 4.4857e-05
(45,58) 4.49812e-05
(46,46) 0.000262635
(46,34) 4.40247e-05
(46,38) 0
(46,41) 4.3563e-05
(46,53) 0
(46,54) 4.32779e-05
(46,61) 4.35828e-05
(47,47) 0.000249434
(47,35) 3.73976e-05
(47,40) 3.63098e-05
(47,43) 4.19847e-05
(47,48) 4.395e-05
(47,56) 4.33695e-05
(47,59) 4.64227e-05
(48,48) 0.00030352
(48,36) 4.31538e-05
(48,40) 3.90974e-05
(48,47) 4.395e-05
(48,49) 4.29976e-05
(48,59) 4.96634e-05
(48,60) 3.94215e-05
(48,66) 4.5236e-05
(49,49) 0.000245607
(49,36) 4.49236e-05
(49,41) 4.24924e-05
(49,48) 4.29976e-05
(49,54) 4.16656e-05
(49,60) 3.62143e-05
(49,63) 3.73135e-05
(50,50) 0.000270676
(50,37) 4.51807e-05
(50,44) 0
(50,45) 4.50798e-05
(50,57) 0
(50,58) 4.50352e-05
(50,65) 4.50628e-05
(51,51) 0.000266552
(51,39) 4.41237e-05
(51,42) 4.44125e-05
(51,52) 4.41991e-05
(51,55) 4.46476e-05
(51,62) 4.45048e-05
(51,64) 4.46645e-05
(52,52) 0.000263994
(52,39) 4.37285e-05
(52,43) 4.34578e-05
(52,51) 4.41991e-05
(52,56) 4.38793e-05
(52,62) 4.43893e-05
(52,67) 4.43402e-05
(53,53) 0.000132252
(53,38) 0
(53,46) 0
(53,61) 0
(53,69) 0
(54,54) 0.00025436
(54,41) 4.27579e-05
(54,46) 4.32779e-05
(54,49) 4.16656e-05
(54,61) 4.30701e-05
(54,63) 4.13522e-05
(54,71) 4.22367e-05
(55,55) 0.000268825
(55,42) 4.4691e-05
(55,45) 4.4857e-05
(55,51) 4.46476e-05
(55,58) 4.49326e-05
(55,64) 4.4789e-05
(55,68) 4.4908e-05
(56,56) 0.000264468
(56,43) 4.31246e-05
(56,47) 4.33695e-05
(56,52) 4.38793e-05
(56,59) 4.46725e-05
(56,67) 4.44367e-05
(56,70) 4.49849e-05
(57,57) 0.0001353
(57,44) 0
(57,50) 0
(57,65) 0
(57,72) 0
(58,58) 0.000269966
(58,45) 4.49812e-05
(58,50) 4.50352e-05
(58,55) 4.49326e-05
(58,65) 4.50341e-05
(58,68) 4.49678e-05
(58,73) 4.50151e-05
(59,59) 0.000280578
(59,47) 4.64227e-05
(59,48) 4.96634e-05
(59,56) 4.46725e-05
(59,66) 4.8242e-05
(59,70) 4.56243e-05
(59,75) 4.59532e-05
(60,60) 0.000190363
(60,48) 3.94215e-05
(60,49) 3.62143e-05
(60,63) 3.59504e-05
(60,66) 3.98112e-05
(60,74) 3.89659e-05
(61,61) 0.000261786
(61,46) 4.35828e-05
(61,53) 0
(61,54) 4.30701e-05
(61,69) 0
(61,71) 4.3154e-05
(61,78) 4.37955e-05
(62,62) 0.000267845
(62,51) 4.45048e-05
(62,52) 4.43893e-05
(62,64) 4.47325e-05
(62,67) 4.45865e-05
(62,76) 4.48314e-05
(62,77) 4.48009e-05
(63,63) 0.000240602
(63,49) 3.73135e-05
(63,54) 4.13522e-05
(63,60) 3.59504e-05
(63,71) 4.12841e-05
(63,74) 4.17036e-05
(63,80) 4.29985e-05
(64,64) 0.000268952
(64,51) 4.46645e-05
(64,55) 4.4789e-05
(64,62) 4.47325e-05
(64,68) 4.49216e-05
(64,76) 4.48898e-05
(64,79) 4.49545e-05
(65,65) 0.000270232
(65,50) 4.50628e-05
(65,57) 0
(65,58) 4.50341e-05
(65,72) 0
(65,73) 4.50193e-05
(65,81) 4.50199e-05
(66,66) 0.000272224
(66,48) 4.5236e-05
(66,59) 4.8242e-05
(66,60) 3.98112e-05
(66,74) 4.49055e-05
(66,75) 4.59706e-05
(66,83) 4.80589e-05
(67,67) 0.000267904
(67,52) 4.43402e-05
(67,56) 4.44367e-05
(67,62) 4.45865e-05
(67,70) 4.48105e-05
(67,77) 4.48013e-05
(67,82) 4.49288e-05
(68,68) 0.000269835
(68,55) 4.4908e-05
(68,58) 4.49678e-05
(68,64) 4.49216e-05
(68,73) 4.50145e-05
(68,79) 4.49951e-05
(68,84) 4.50282e-05
(69,69) 0.000133017
(69,53) 0
(69,61) 0
(69,78) 0
(69,86) 0
(70,70) 0.000271501
(70,56) 4.49849e-05
(70,59) 4.56243e-05
(70,67) 4.48105e-05
(70,75) 4.56878e-05
(70,82) 4.50776e-05
(70,85) 4.53156e-05
(71,71) 0.000254784
(71,54) 4.22367e-05
(71,61) 4.3154e-05
(71,63) 4.12841e-05
(71,78) 4.35833e-05
(71,80) 4.15719e-05
(71,87) 4.29537e-05
(72,72) 0.000135066
(72,57) 0
(72,65) 0
(72,81) 0
(72,88) 0
(73,73) 0.000270124
(73,58) 4.50151e-05
(73,65) 4.50193e-05
(73,68) 4.50145e-05
(73,81) 4.50179e-05
(73,84) 4.50288e-05
(73,90) 4.5028e-05
(74,74) 0.000296446
(74,60) 3.89659e-05
(74,63) 4.17036e-05
(74,66) 4.49055e-05
(74,80) 4.10626e-05
(74,83) 4.93607e-05
(74,91) 3.7349e-05
(74,93) 4.30986e-05
(75,75) 0.00027483
(75,59) 4.59532e-05
(75,66) 4.59706e-05
(75,70) 4.56878e-05
(75,83) 4.59987e-05
(75,85) 4.54629e-05
(75,94) 4.57564e-05
(76,76) 0.000269714
(76,62) 4.48314e-05
(76,64) 4.48898e-05
(76,77) 4.49239e-05
(76,79) 4.49976e-05
(76,89) 4.5028e-05
(76,92) 4.50433e-05
(77,77) 0.000269506
(77,62) 4.48009e-05
(77,67) 4.48013e-05
(77,76) 4.49239e-05
(77,82) 4.49446e-05
(77,89) 4.50073e-05
(77,95) 4.50276e-05
(78,78) 0.000266038
(78,61) 4.37955e-05
(78,69) 0
(78,71) 4.35833e-05
(78,86) 0
(78,87) 4.42575e-05
(78,97) 4.50385e-05
(79,79) 0.000270132
(79,64) 4.49545e-05
(79,68) 4.49951e-05
(79,76) 4.49976e-05
(79,84) 4.50488e-05
(79,92) 4.5063e-05
(79,96) 4.50735e-05
(80,80) 0.000240925
(80,63) 4.29985e-05
(80,71) 4.15719e-05
(80,74) 4.10626e-05
(80,87) 4.23242e-05
(80,91) 3.51397e-05
(80,99) 3.78279e-05
(81,81) 0.000270032
(81,65) 4.50199e-05
(81,72) 0
(81,73) 4.50179e-05
(81,88) 0
(81,90) 4.50066e-05
(81,100) 4.4993e-05
(82,82) 0.000270288
(82,67) 4.49288e-05
(82,70) 4.50776e-05
(82,77) 4.49446e-05
(82,85) 4.51707e-05
(82,95) 4.50446e-05
(82,98) 4.51219e-05
(83,83) 0.000280665
(83,66) 4.80589e-05
(83,74) 4.93607e-05
(83,75) 4.59987e-05
(83,93) 4.64577e-05
(83,94) 4.5816e-05
(83,102) 4.49732e-05
(84,84) 0.000270266
(84,68) 4.50282e-05
(84,73) 4.50288e-05
(84,79) 4.50488e-05
(84,90) 4.50382e-05
(84,96) 4.50663e-05
(84,101) 4.50552e-05
(85,85) 0.000271762
(85,70) 4.53156e-05
(85,75) 4.54629e-05
(85,82) 4.51707e-05
(85,94) 4.53985e-05
(85,98) 4.51672e-05
(85,103) 4.52476e-05
(86,86) 0.000135594
(86,69) 0
(86,78) 0
(86,97) 0
(86,105) 0
(87,87) 0.000265558
(87,71) 4.29537e-05
(87,78) 4.42575e-05
(87,80) 4.23242e-05
(87,97) 4.5847e-05
(87,99) 4.39784e-05
(87,106) 4.61974e-05
(88,88) 0.000134958
(88,72) 0
(88,81) 0
(88,100) 0
(88,109) 0
(89,89) 0.000270397
(89,76) 4.5028e-05
(89,77) 4.50073e-05
(89,92) 4.5083e-05
(89,95) 4.50624e-05
(89,104) 4.51082e-05
(89,107) 4.51083e-05
(90,90) 0.000270101
(90,73) 4.5028e-05
(90,81) 4.50066e-05
(90,84) 4.50382e-05
(90,100) 4.49931e-05
(90,101) 4.50292e-05
(90,111) 4.50055e-05
(91,91) 0.000175931
(91,74) 3.7349e-05
(91,80) 3.51397e-05
(91,93) 3.56893e-05
(91,99) 3.37611e-05
(91,108) 3.39923e-05
(92,92) 0.000270518
(92,76) 4.50433e-05
(92,79) 4.5063e-05
(92,89) 4.5083e-05
(92,96) 4.50983e-05
(92,104) 4.51175e-05
(92,110) 4.51132e-05
(93,93) 0.000251045
(93,74) 4.30986e-05
(93,83) 4.64577e-05
(93,91) 3.56893e-05
(93,102) 4.40434e-05
(93,108) 3.83805e-05
(93,113) 4.33754e-05
(94,94) 0.000272711
(94,75) 4.57564e-05
(94,83) 4.5816e-05
(94,85) 4.53985e-05
(94,102) 4.53418e-05
(94,103) 4.52574e-05
(94,114) 4.51411e-05
(95,95) 0.000270431
(95,77) 4.50276e-05
(95,82) 4.50446e-05
(95,89) 4.50624e-05
(95,98) 4.50925e-05
(95,107) 4.50953e-05
(95,112) 4.51084e-05
(96,96) 0.000270489
(96,79) 4.50735e-05
(96,84) 4.50663e-05
(96,92) 4.50983e-05
(96,101) 4.50674e-05
(96,110) 4.51037e-05
(96,115) 4.50798e-05
(97,97) 0.000276977
(97,78) 4.50385e-05
(97,86) 0
(97,87) 4.5847e-05
(97,105) 0
(97,106) 4.73267e-05
(97,117) 4.71967e-05
(98,98) 0.00027077
(98,82) 4.51219e-05
(98,85) 4.51672e-05
(98,95) 4.50925e-05
(98,103) 4.51576e-05
(98,112) 4.51055e-05
(98,116) 4.51253e-05
(99,99) 0.000262076
(99,80) 3.78279e-05
(99,87) 4.39784e-05
(99,91) 3.37611e-05
(99,106) 5.02851e-05
(99,108) 4.29252e-05
(99,118) 5.32988e-05
(100,100) 0.000269889
(100,81) 4.4993e-05
(100,88) 0
(100,90) 4.49931e-05
(100,109) 0
(100,111) 4.49828e-05
(100,119) 4.49712e-05
(101,101) 0.000270234
(101,84) 4.50552e-05
(101,90) 4.50292e-05
(101,96) 4.50674e-05
(101,111) 4.50101e-05
(101,115) 4.50515e-05
(101,121) 4.50202e-05
(102,102) 0.00026844
(102,83) 4.49732e-05
(102,93) 4.40434e-05
(102,94) 4.53418e-05
(102,113) 4.42504e-05
(102,114) 4.49962e-05
(102,123) 4.48347e-05
(103,103) 0.000271045
(103,85) 4.52476e-05
(103,94) 4.52574e-05
(103,98) 4.51576e-05
(103,114) 4.51536e-05
(103,116) 4.51213e-05
(103,124) 4.51077e-05
(104,104) 0.00027074
(104,89) 4.51082e-05
(104,92) 4.51175e-05
(104,107) 4.51255e-05
(104,110) 4.51267e-05
(104,120) 4.51349e-05
(104,122) 4.51268e-05
(105,105) 0.000138507
(105,86) 0
(105,97) 0
(105,117) 0
(105,127) 0
(106,106) 0.000301958
(106,87) 4.61974e-05
(106,97) 4.73267e-05
(106,99) 5.02851e-05
(106,117) 4.85266e-05
(106,118) 5.62549e-05
(106,128) 5.33671e-05
(107,107) 0.000270687
(107,89) 4.51083e-05
(107,95) 4.50953e-05
(107,104) 4.51255e-05
(107,112) 4.51091e-05
(107,120) 4.51262e-05
(107,125) 4.51228e-05
(108,108) 0.000261932
(108,91) 3.39923e-05
(108,93) 3.83805e-05
(108,99) 4.29252e-05
(108,113) 4.41284e-05
(108,118) 5.28454e-05
(108,126) 4.96603e-05
(109,109) 0.000134923
(109,88) 0
(109,100) 0
(109,119) 0
(109,130) 0
(110,110) 0.000270651
(110,92) 4.51132e-05
(110,96) 4.51037e-05
(110,104) 4.51267e-05
(110,115) 4.5093e-05
(110,122) 4.51193e-05
(110,129) 4.50951e-05
(111,111) 0.000269924
(111,90) 4.50055e-05
(111,100) 4.49828e-05
(111,101) 4.50101e-05
(111,119) 4.49656e-05
(111,121) 4.49911e-05
(111,132) 4.49693e-05
(112,112) 0.000270641
(112,95) 4.51084e-05
(112,98) 4.51055e-05
(112,107) 4.51091e-05
(112,116) 4.51031e-05
(112,125) 4.51093e-05
(112,131) 4.51061e-05
(113,113) 0.000267857
(113,93) 4.33754e-05
(113,102) 4.42504e-05
(113,108) 4.41284e-05
(113,123) 4.48797e-05
(113,126) 4.56732e-05
(113,134) 4.55495e-05
(114,114) 0.000270367
(114,94) 4.51411e-05
(114,102) 4.49962e-05
(114,103) 4.51536e-05
(114,123) 4.49642e-05
(114,124) 4.50783e-05
(114,135) 4.50337e-05
(115,115) 0.000270357
(115,96) 4.50798e-05
(115,101) 4.50515e-05
(115,110) 4.5093e-05
(115,121) 4.50293e-05
(115,129) 4.50696e-05
(115,133) 4.50343e-05
(116,116) 0.000270624
(116,98) 4.51253e-05
(116,103) 4.51213e-05
(116,112) 4.51031e-05
(116,124) 4.50924e-05
(116,131) 4.50943e-05
(116,136) 4.50876e-05
(117,117) 0.000284397
(117,97) 4.71967e-05
(117,105) 0
(117,106) 4.85266e-05
(117,127) 0
(117,128) 4.85526e-05
(117,138) 4.72495e-05
(118,118) 0.000379058
(118,99) 5.32988e-05
(118,106) 5.62549e-05
(118,108) 5.28454e-05
(118,126) 5.41126e-05
(118,128) 5.63026e-05
(118,139) 5.28706e-05
(118,141) 5.33727e-05
(119,119) 0.000269796
(119,100) 4.49712e-05
(119,109) 0
(119,111) 4.49656e-05
(119,130) 0
(119,132) 4.49597e-05
(119,142) 4.49607e-05
(120,120) 0.000270756
(120,104) 4.51349e-05
(120,107) 4.51262e-05
(120,122) 4.51302e-05
(120,125) 4.51224e-05
(120,137) 4.51206e-05
(120,140) 4.51216e-05
(121,121) 0.000269985
(121,101) 4.50202e-05
(121,111) 4.49911e-05
(121,115) 4.50293e-05
(121,132) 4.49681e-05
(121,133) 4.50042e-05
(121,144) 4.49721e-05
(122,122) 0.0002707
(122,104) 4.51268e-05
(122,110) 4.51193e-05
(122,120) 4.51302e-05
(122,129) 4.51053e-05
(122,137) 4.5118e-05
(122,143) 4.51006e-05
(123,123) 0.000269832
(123,102) 4.48347e-05
(123,113) 4.48797e-05
(123,114) 4.49642e-05
(123,134) 4.50608e-05
(123,135) 4.50205e-05
(123,146) 4.5072e-05
(124,124) 0.000270462
(124,103) 4.51077e-05
(124,114) 4.50783e-05
(124,116) 4.50924e-05
(124,135) 4.5048e-05
(124,136) 4.50754e-05
(124,147) 4.50603e-05
(125,125) 0.000270673
(125,107) 4.51228e-05
(125,112) 4.51093e-05
(125,120) 4.51224e-05
(125,131) 4.5101e-05
(125,140) 4.51128e-05
(125,145) 4.51049e-05
(126,126) 0.000290883
(126,108) 4.96603e-05
(126,113) 4.56732e-05
(126,118) 5.41126e-05
(126,134) 4.61146e-05
(126,139) 4.96666e-05
(126,148) 4.56557e-05
(127,127) 0.000138629
(127,105) 0
(127,117) 0
(127,138) 0
(127,150) 0
(128,128) 0.000302364
(128,106) 5.33671e-05
(128,117) 4.85526e-05
(128,118) 5.63026e-05
(128,138) 4.74235e-05
(128,141) 5.03914e-05
(128,151) 4.63268e-05
(129,129) 0.000270448
(129,110) 4.50951e-05
(129,115) 4.50696e-05
(129,122) 4.51053e-05
(129,133) 4.50459e-05
(129,143) 4.50828e-05
(129,149) 4.50489e-05
(130,130) 0.000134939
(130,109) 0
(130,119) 0
(130,142) 0
(130,153) 0
(131,131) 0.000270557
(131,112) 4.51061e-05
(131,116) 4.50943e-05
(131,125) 4.5101e-05
(131,136) 4.50792e-05
(131,145) 4.50931e-05
(131,152) 4.50831e-05
(132,132) 0.000269745
(132,111) 4.49693e-05
(132,119) 4.49597e-05
(132,121) 4.49681e-05
(132,142) 4.49486e-05
(132,144) 4.49544e-05
(132,154) 4.49446e-05
(133,133) 0.000270076
(133,115) 4.50343e-05
(133,121) 4.50042e-05
(133,129) 4.50459e-05
(133,144) 4.49816e-05
(133,149) 4.50221e-05
(133,155) 4.49879e-05
(134,134) 0.000272418
(134,113) 4.55495e-05
(134,123) 4.50608e-05
(134,126) 4.61146e-05
(134,146) 4.51287e-05
(134,148) 4.55306e-05
(134,157) 4.50335e-05
(135,135) 0.000270217
(135,114) 4.50337e-05
(135,123) 4.50205e-05
(135,124) 4.5048e-05
(135,146) 4.50246e-05
(135,147) 4.505e-05
(135,160) 4.50397e-05
(136,136) 0.000270439
(136,116) 4.50876e-05
(136,124) 4.50754e-05
(136,131) 4.50792e-05
(136,147) 4.5058e-05
(136,152) 4.50738e-05
(136,161) 4.50647e-05
(137,137) 0.000270669
(137,120) 4.51206e-05
(137,122) 4.5118e-05
(137,140) 4.51162e-05
(137,143) 4.51054e-05
(137,156) 4.51084e-05
(137,158) 4.51003e-05
(138,138) 0.0002776
(138,117) 4.72495e-05
(138,127) 0
(138,128) 4.74235e-05
(138,150) 0
(138,151) 4.5994e-05
(138,164) 4.51919e-05
(139,139) 0.000262028
(139,118) 5.28706e-05
(139,126) 4.96666e-05
(139,141) 4.29805e-05
(139,148) 4.4112e-05
(139,159) 3.40314e-05
(139,163) 3.83669e-05
(140,140) 0.000270659
(140,120) 4.51216e-05
(140,125) 4.51128e-05
(140,137) 4.51162e-05
(140,145) 4.51018e-05
(140,156) 4.51062e-05
(140,162) 4.51007e-05
(141,141) 0.000262666
(141,118) 5.33727e-05
(141,128) 5.03914e-05
(141,139) 4.29805e-05
(141,151) 4.41248e-05
(141,159) 3.38354e-05
(141,165) 3.79609e-05
(142,142) 0.000269782
(142,119) 4.49607e-05
(142,130) 0
(142,132) 4.49486e-05
(142,153) 0
(142,154) 4.49499e-05
(142,167) 4.49658e-05
(143,143) 0.000270513
(143,122) 4.51006e-05
(143,129) 4.50828e-05
(143,137) 4.51054e-05
(143,149) 4.5065e-05
(143,158) 4.50911e-05
(143,166) 4.50684e-05
(144,144) 0.000269766
(144,121) 4.49721e-05
(144,132) 4.49544e-05
(144,133) 4.49816e-05
(144,154) 4.49446e-05
(144,155) 4.49664e-05
(144,169) 4.4947e-05
(145,145) 0.000270555
(145,125) 4.51049e-05
(145,131) 4.50931e-05
(145,140) 4.51018e-05
(145,152) 4.50798e-05
(145,162) 4.50928e-05
(145,168) 4.50825e-05
(146,146) 0.000270313
(146,123) 4.5072e-05
(146,134) 4.51287e-05
(146,135) 4.50246e-05
(146,157) 4.50463e-05
(146,160) 4.50381e-05
(146,170) 4.50032e-05
(147,147) 0.000270314
(147,124) 4.50603e-05
(147,135) 4.505e-05
(147,136) 4.5058e-05
(147,160) 4.50379e-05
(147,161) 4.50586e-05
(147,173) 4.50488e-05
(148,148) 0.000267602
(148,126) 4.56557e-05
(148,134) 4.55306e-05
(148,139) 4.4112e-05
(148,157) 4.48222e-05
(148,163) 4.3323e-05
(148,172) 4.41583e-05
(149,149) 0.000270212
(149,129) 4.50489e-05
(149,133) 4.50221e-05
(149,143) 4.5065e-05
(149,155) 4.50079e-05
(149,166) 4.50491e-05
(149,171) 4.50189e-05
(150,150) 0.000135962
(150,127) 0
(150,138) 0
(150,164) 0
(150,175) 0
(151,151) 0.000266624
(151,128) 4.63268e-05
(151,138) 4.5994e-05
(151,141) 4.41248e-05
(151,164) 4.44612e-05
(151,165) 4.25238e-05
(151,177) 4.31931e-05
(152,152) 0.000270439
(152,131) 4.50831e-05
(152,136) 4.50738e-05
(152,145) 4.50798e-05
(152,161) 4.50615e-05
(152,168) 4.50749e-05
(152,174) 4.5066e-05
(153,153) 0.000134987
(153,130) 0
(153,142) 0
(153,167) 0
(153,179) 0
(154,154) 0.000269681
(154,132) 4.49446e-05
(154,142) 4.49499e-05
(154,144) 4.49446e-05
(154,167) 4.49528e-05
(154,169) 4.49432e-05
(154,180) 4.49461e-05
(155,155) 0.000269895
(155,133) 4.49879e-05
(155,144) 4.49664e-05
(155,149) 4.50079e-05
(155,169) 4.49612e-05
(155,171) 4.49987e-05
(155,182) 4.49735e-05
(156,156) 0.000270613
(156,137) 4.51084e-05
(156,140) 4.51062e-05
(156,158) 4.51027e-05
(156,162) 4.50985e-05
(156,176) 4.50996e-05
(156,178) 4.50976e-05
(157,157) 0.000269467
(157,134) 4.50335e-05
(157,146) 4.50463e-05
(157,148) 4.48222e-05
(157,170) 4.49651e-05
(157,172) 4.47349e-05
(157,184) 4.48651e-05
(158,158) 0.000270564
(158,137) 4.51003e-05
(158,143) 4.50911e-05
(158,156) 4.51027e-05
(158,166) 4.50835e-05
(158,176) 4.50985e-05
(158,183) 4.50884e-05
(159,159) 0.000176195
(159,139) 3.40314e-05
(159,141) 3.38354e-05
(159,163) 3.56949e-05
(159,165) 3.52368e-05
(159,181) 3.73964e-05
(160,160) 0.000270207
(160,135) 4.50397e-05
(160,146) 4.50381e-05
(160,147) 4.50379e-05
(160,170) 4.50195e-05
(160,173) 4.50442e-05
(160,186) 4.50275e-05
(161,161) 0.000270349
(161,136) 4.50647e-05
(161,147) 4.50586e-05
(161,152) 4.50615e-05
(161,173) 4.50487e-05
(161,174) 4.50613e-05
(161,187) 4.50546e-05
(162,162) 0.00027055
(162,140) 4.51007e-05
(162,145) 4.50928e-05
(162,156) 4.50985e-05
(162,168) 4.5082e-05
(162,178) 4.50925e-05
(162,185) 4.50838e-05
(163,163) 0.00025056
(163,139) 3.83669e-05
(163,148) 4.3323e-05
(163,159) 3.56949e-05
(163,172) 4.38948e-05
(163,181) 4.30183e-05
(163,188) 4.6262e-05
(164,164) 0.00026727
(164,138) 4.51919e-05
(164,150) 0
(164,151) 4.44612e-05
(164,175) 0
(164,177) 4.38462e-05
(164,190) 4.40584e-05
(165,165) 0.00024209
(165,141) 3.79609e-05
(165,151) 4.25238e-05
(165,159) 3.52368e-05
(165,177) 4.18539e-05
(165,181) 4.12303e-05
(165,192) 4.32844e-05
(166,166) 0.00027038
(166,143) 4.50684e-05
(166,149) 4.50491e-05
(166,158) 4.50835e-05
(166,171) 4.5043e-05
(166,183) 4.50788e-05
(166,189) 4.50576e-05
(167,167) 0.000269856
(167,142) 4.49658e-05
(167,153) 0
(167,154) 4.49528e-05
(167,179) 0
(167,180) 4.49609e-05
(167,193) 4.49843e-05
(168,168) 0.00027045
(168,145) 4.50825e-05
(168,152) 4.50749e-05
(168,162) 4.5082e-05
(168,174) 4.50651e-05
(168,185) 4.50773e-05
(168,191) 4.50681e-05
(169,169) 0.000269719
(169,144) 4.4947e-05
(169,154) 4.49432e-05
(169,155) 4.49612e-05
(169,180) 4.49496e-05
(169,182) 4.49629e-05
(169,194) 4.49552e-05
(170,170) 0.000269941
(170,146) 4.50032e-05
(170,157) 4.49651e-05
(170,160) 4.50195e-05
(170,184) 4.49514e-05
(170,186) 4.50157e-05
(170,196) 4.49857e-05
(171,171) 0.000270123
(171,149) 4.50189e-05
(171,155) 4.49987e-05
(171,166) 4.5043e-05
(171,182) 4.5e-05
(171,189) 4.50427e-05
(171,195) 4.50199e-05
(172,172) 0.000267364
(172,148) 4.41583e-05
(172,157) 4.47349e-05
(172,163) 4.38948e-05
(172,184) 4.48178e-05
(172,188) 4.47061e-05
(172,198) 4.50525e-05
(173,173) 0.000270274
(173,147) 4.50488e-05
(173,160) 4.50442e-05
(173,161) 4.50487e-05
(173,186) 4.50363e-05
(173,187) 4.50519e-05
(173,199) 4.50442e-05
(174,174) 0.000270367
(174,152) 4.5066e-05
(174,161) 4.50613e-05
(174,168) 4.50651e-05
(174,187) 4.5054e-05
(174,191) 4.50636e-05
(174,201) 4.50572e-05
(175,175) 0.000133652
(175,150) 0
(175,164) 0
(175,190) 0
(175,203) 0
(176,176) 0.000270598
(176,156) 4.50996e-05
(176,158) 4.50985e-05
(176,178) 4.50983e-05
(176,183) 4.50978e-05
(176,197) 4.51014e-05
(176,200) 4.5102e-05
(177,177) 0.000256726
(177,151) 4.31931e-05
(177,164) 4.38462e-05
(177,165) 4.18539e-05
(177,190) 4.34995e-05
(177,192) 4.16703e-05
(177,204) 4.2663e-05
(178,178) 0.000270559
(178,156) 4.50976e-05
(178,162) 4.50925e-05
(178,176) 4.50983e-05
(178,185) 4.50854e-05
(178,197) 4.50966e-05
(178,202) 4.50889e-05
(179,179) 0.000135045
(179,153) 0
(179,167) 0
(179,193) 0
(179,206) 0
(180,180) 0.000269762
(180,154) 4.49461e-05
(180,167) 4.49609e-05
(180,169) 4.49496e-05
(180,193) 4.49754e-05
(180,194) 4.49596e-05
(180,208) 4.49707e-05
(181,181) 0.000296316
(181,159) 3.73964e-05
(181,163) 4.30183e-05
(181,165) 4.12303e-05
(181,188) 4.90438e-05
(181,192) 4.19736e-05
(181,205) 4.4599e-05
(181,209) 3.90547e-05
(182,182) 0.000269912
(182,155) 4.49735e-05
(182,169) 4.49629e-05
(182,171) 4.5e-05
(182,194) 4.49751e-05
(182,195) 4.50073e-05
(182,211) 4.49931e-05
(183,183) 0.000270539
(183,158) 4.50884e-05
(183,166) 4.50788e-05
(183,176) 4.50978e-05
(183,189) 4.50795e-05
(183,200) 4.51014e-05
(183,207) 4.50928e-05
(184,184) 0.000269459
(184,157) 4.48651e-05
(184,170) 4.49514e-05
(184,172) 4.48178e-05
(184,196) 4.4965e-05
(184,198) 4.48993e-05
(184,212) 4.496e-05
(185,185) 0.000270471
(185,162) 4.50838e-05
(185,168) 4.50773e-05
(185,178) 4.50854e-05
(185,191) 4.50695e-05
(185,202) 4.50822e-05
(185,210) 4.50728e-05
(186,186) 0.000270159
(186,160) 4.50275e-05
(186,170) 4.50157e-05
(186,173) 4.50363e-05
(186,196) 4.50119e-05
(186,199) 4.50401e-05
(186,213) 4.50275e-05
(187,187) 0.000270313
(187,161) 4.50546e-05
(187,173) 4.50519e-05
(187,174) 4.5054e-05
(187,199) 4.5047e-05
(187,201) 4.50551e-05
(187,215) 4.50508e-05
(188,188) 0.00027789
(188,163) 4.6262e-05
(188,172) 4.47061e-05
(188,181) 4.90438e-05
(188,198) 4.53022e-05
(188,205) 4.73807e-05
(188,216) 4.51949e-05
(189,189) 0.000270386
(189,166) 4.50576e-05
(189,171) 4.50427e-05
(189,183) 4.50795e-05
(189,195) 4.50494e-05
(189,207) 4.50859e-05
(189,214) 4.50707e-05
(190,190) 0.000263769
(190,164) 4.40584e-05
(190,175) 0
(190,177) 4.34995e-05
(190,203) 0
(190,204) 4.35022e-05
(190,218) 4.39833e-05
(191,191) 0.000270387
(191,168) 4.50681e-05
(191,174) 4.50636e-05
(191,185) 4.50695e-05
(191,201) 4.50579e-05
(191,210) 4.50675e-05
(191,217) 4.50605e-05
(192,192) 0.000243102
(192,165) 4.32844e-05
(192,177) 4.16703e-05
(192,181) 4.19736e-05
(192,204) 4.1916e-05
(192,209) 3.63507e-05
(192,219) 3.79073e-05
(193,193) 0.000269989
(193,167) 4.49843e-05
(193,179) 0
(193,180) 4.49754e-05
(193,206) 0
(193,208) 4.4987e-05
(193,221) 4.50095e-05
(194,194) 0.000269847
(194,169) 4.49552e-05
(194,180) 4.49596e-05
(194,182) 4.49751e-05
(194,208) 4.49787e-05
(194,211) 4.49894e-05
(194,223) 4.49886e-05
(195,195) 0.000270205
(195,171) 4.50199e-05
(195,182) 4.50073e-05
(195,189) 4.50494e-05
(195,211) 4.50217e-05
(195,214) 4.5061e-05
(195,224) 4.5046e-05
(196,196) 0.00026996
(196,170) 4.49857e-05
(196,184) 4.4965e-05
(196,186) 4.50119e-05
(196,212) 4.49758e-05
(196,213) 4.50185e-05
(196,226) 4.50031e-05
(197,197) 0.000270597
(197,176) 4.51014e-05
(197,178) 4.50966e-05
(197,200) 4.51044e-05
(197,202) 4.5092e-05
(197,220) 4.5105e-05
(197,222) 4.50974e-05
(198,198) 0.000270111
(198,172) 4.50525e-05
(198,184) 4.48993e-05
(198,188) 4.53022e-05
(198,212) 4.49451e-05
(198,216) 4.50578e-05
(198,227) 4.4854e-05
(199,199) 0.000270263
(199,173) 4.50442e-05
(199,186) 4.50401e-05
(199,187) 4.5047e-05
(199,213) 4.50381e-05
(199,215) 4.50493e-05
(199,229) 4.50445e-05
(200,200) 0.000270637
(200,176) 4.5102e-05
(200,183) 4.51014e-05
(200,197) 4.51044e-05
(200,207) 4.51054e-05
(200,220) 4.51109e-05
(200,225) 4.51125e-05
(201,201) 0.000270333
(201,174) 4.50572e-05
(201,187) 4.50551e-05
(201,191) 4.50579e-05
(201,215) 4.50518e-05
(201,217) 4.50577e-05
(201,231) 4.50537e-05
(202,202) 0.000270508
(202,178) 4.50889e-05
(202,185) 4.50822e-05
(202,197) 4.5092e-05
(202,210) 4.50757e-05
(202,222) 4.50896e-05
(202,228) 4.508e-05
(203,203) 0.000133173
(203,175) 0
(203,190) 0
(203,218) 0
(203,232) 0
(204,204) 0.000257875
(204,177) 4.2663e-05
(204,190) 4.35022e-05
(204,192) 4.1916e-05
(204,218) 4.38129e-05
(204,219) 4.24619e-05
(204,235) 4.35195e-05
(205,205) 0.000266451
(205,181) 4.4599e-05
(205,188) 4.73807e-05
(205,209) 3.97176e-05
(205,216) 4.44635e-05
(205,230) 4.41631e-05
(205,233) 4.61274e-05
(206,206) 0.0001351
(206,179) 0
(206,193) 0
(206,221) 0
(206,236) 0
(207,207) 0.000270599
(207,183) 4.50928e-05
(207,189) 4.50859e-05
(207,200) 4.51054e-05
(207,214) 4.50929e-05
(207,225) 4.51139e-05
(207,234) 4.51082e-05
(208,208) 0.000269944
(208,180) 4.49707e-05
(208,193) 4.4987e-05
(208,194) 4.49787e-05
(208,221) 4.50062e-05
(208,223) 4.49949e-05
(208,238) 4.50061e-05
(209,209) 0.000191823
(209,181) 3.90547e-05
(209,192) 3.63507e-05
(209,205) 3.97176e-05
(209,219) 3.68834e-05
(209,230) 3.98164e-05
(210,210) 0.000270417
(210,185) 4.50728e-05
(210,191) 4.50675e-05
(210,202) 4.50757e-05
(210,217) 4.50625e-05
(210,228) 4.50734e-05
(210,237) 4.50654e-05
(211,211) 0.000270083
(211,182) 4.49931e-05
(211,194) 4.49894e-05
(211,195) 4.50217e-05
(211,223) 4.501e-05
(211,224) 4.50386e-05
(211,239) 4.50306e-05
(212,212) 0.000269743
(212,184) 4.496e-05
(212,196) 4.49758e-05
(212,198) 4.49451e-05
(212,226) 4.49874e-05
(212,227) 4.49239e-05
(212,241) 4.49505e-05
(213,213) 0.000270185
(213,186) 4.50275e-05
(213,196) 4.50185e-05
(213,199) 4.50381e-05
(213,226) 4.50234e-05
(213,229) 4.50417e-05
(213,242) 4.50361e-05
(214,214) 0.000270497
(214,189) 4.50707e-05
(214,195) 4.5061e-05
(214,207) 4.50929e-05
(214,224) 4.50733e-05
(214,234) 4.51047e-05
(214,240) 4.50948e-05
(215,215) 0.000270303
(215,187) 4.50508e-05
(215,199) 4.50493e-05
(215,201) 4.50518e-05
(215,229) 4.5048e-05
(215,231) 4.50525e-05
(215,245) 4.50502e-05
(216,216) 0.000267273
(216,188) 4.51949e-05
(216,198) 4.50578e-05
(216,205) 4.44635e-05
(216,227) 4.46376e-05
(216,233) 4.38041e-05
(216,244) 4.41153e-05
(217,217) 0.000270353
(217,191) 4.50605e-05
(217,201) 4.50577e-05
(217,210) 4.50625e-05
(217,231) 4.50547e-05
(217,237) 4.50613e-05
(217,247) 4.50564e-05
(218,218) 0.000265356
(218,190) 4.39833e-05
(218,203) 0
(218,204) 4.38129e-05
(218,232) 0
(218,235) 4.41642e-05
(218,249) 4.45076e-05
(219,219) 0.000252519
(219,192) 3.79073e-05
(219,204) 4.24619e-05
(219,209) 3.68834e-05
(219,230) 4.45614e-05
(219,235) 4.3791e-05
(219,248) 4.69145e-05
(220,220) 0.000270649
(220,197) 4.5105e-05
(220,200) 4.51109e-05
(220,222) 4.51004e-05
(220,225) 4.5114e-05
(220,243) 4.51057e-05
(220,246) 4.51133e-05
(221,221) 0.000270141
(221,193) 4.50095e-05
(221,206) 0
(221,208) 4.50062e-05
(221,236) 0
(221,238) 4.50183e-05
(221,251) 4.50349e-05
(222,222) 0.000270554
(222,197) 4.50974e-05
(222,202) 4.50896e-05
(222,220) 4.51004e-05
(222,228) 4.50829e-05
(222,243) 4.50969e-05
(222,250) 4.50871e-05
(223,223) 0.00027007
(223,194) 4.49886e-05
(223,208) 4.49949e-05
(223,211) 4.501e-05
(223,238) 4.50173e-05
(223,239) 4.50291e-05
(223,253) 4.503e-05
(224,224) 0.000270383
(224,195) 4.5046e-05
(224,211) 4.50386e-05
(224,214) 4.50733e-05
(224,239) 4.50566e-05
(224,240) 4.50888e-05
(224,254) 4.50794e-05
(225,225) 0.000270702
(225,200) 4.51125e-05
(225,207) 4.51139e-05
(225,220) 4.5114e-05
(225,234) 4.51182e-05
(225,246) 4.51203e-05
(225,252) 4.51231e-05
(226,226) 0.000270076
(226,196) 4.50031e-05
(226,212) 4.49874e-05
(226,213) 4.50234e-05
(226,241) 4.50028e-05
(226,242) 4.50322e-05
(226,257) 4.50271e-05
(227,227) 0.000268695
(227,198) 4.4854e-05
(227,212) 4.49239e-05
(227,216) 4.46376e-05
(227,241) 4.49044e-05
(227,244) 4.45891e-05
(227,258) 4.47859e-05
(228,228) 0.000270454
(228,202) 4.508e-05
(228,210) 4.50734e-05
(228,222) 4.50829e-05
(228,237) 4.50676e-05
(228,250) 4.50793e-05
(228,256) 4.50706e-05
(229,229) 0.000270276
(229,199) 4.50445e-05
(229,213) 4.50417e-05
(229,215) 4.5048e-05
(229,242) 4.5044e-05
(229,245) 4.50495e-05
(229,259) 4.50483e-05
(230,230) 0.000309408
(230,205) 4.41631e-05
(230,209) 3.98164e-05
(230,219) 4.45614e-05
(230,233) 4.42704e-05
(230,248) 5.01984e-05
(230,255) 4.04996e-05
(230,263) 4.58991e-05
(231,231) 0.000270319
(231,201) 4.50537e-05
(231,215) 4.50525e-05
(231,217) 4.50547e-05
(231,245) 4.50513e-05
(231,247) 4.50545e-05
(231,261) 4.50522e-05
(232,232) 0.000133822
(232,203) 0
(232,218) 0
(232,249) 0
(232,264) 0
(233,233) 0.000254565
(233,205) 4.61274e-05
(233,216) 4.38041e-05
(233,230) 4.42704e-05
(233,244) 4.34297e-05
(233,255) 3.77254e-05
(233,262) 3.92079e-05
(234,234) 0.000270693
(234,207) 4.51082e-05
(234,214) 4.51047e-05
(234,225) 4.51182e-05
(234,240) 4.5112e-05
(234,252) 4.51261e-05
(234,260) 4.51235e-05
(235,235) 0.00026615
(235,204) 4.35195e-05
(235,218) 4.41642e-05
(235,219) 4.3791e-05
(235,248) 4.49305e-05
(235,249) 4.46248e-05
(235,265) 4.51196e-05
(236,236) 0.000135148
(236,206) 0
(236,221) 0
(236,251) 0
(236,267) 0
(237,237) 0.000270377
(237,210) 4.50654e-05
(237,217) 4.50613e-05
(237,228) 4.50676e-05
(237,247) 4.50577e-05
(237,256) 4.50653e-05
(237,266) 4.50595e-05
(238,238) 0.000270153
(238,208) 4.50061e-05
(238,221) 4.50183e-05
(238,223) 4.50173e-05
(238,251) 4.50366e-05
(238,253) 4.50339e-05
(238,268) 4.5041e-05
(239,239) 0.000270309
(239,211) 4.50306e-05
(239,223) 4.50291e-05
(239,224) 4.50566e-05
(239,253) 4.50496e-05
(239,254) 4.50744e-05
(239,270) 4.50689e-05
(240,240) 0.000270634
(240,214) 4.50948e-05
(240,224) 4.50888e-05
(240,234) 4.5112e-05
(240,254) 4.51e-05
(240,260) 4.51222e-05
(240,272) 4.51162e-05
(241,241) 0.000269877
(241,212) 4.49505e-05
(241,226) 4.50028e-05
(241,227) 4.49044e-05
(241,257) 4.50257e-05
(241,258) 4.49623e-05
(241,273) 4.50313e-05
(242,242) 0.000270254
(242,213) 4.50361e-05
(242,226) 4.50322e-05
(242,229) 4.5044e-05
(242,257) 4.50427e-05
(242,259) 4.50481e-05
(242,275) 4.50507e-05
(243,243) 0.000270589
(243,220) 4.51057e-05
(243,222) 4.50969e-05
(243,246) 4.51066e-05
(243,250) 4.50885e-05
(243,269) 4.51003e-05
(243,271) 4.50911e-05
(244,244) 0.000265127
(244,216) 4.41153e-05
(244,227) 4.45891e-05
(244,233) 4.34297e-05
(244,258) 4.47231e-05
(244,262) 4.37252e-05
(244,276) 4.45449e-05
(245,245) 0.000270304
(245,215) 4.50502e-05
(245,229) 4.50495e-05
(245,231) 4.50513e-05
(245,259) 4.505e-05
(245,261) 4.50516e-05
(245,277) 4.5051e-05
(246,246) 0.000270687
(246,220) 4.51133e-05
(246,225) 4.51203e-05
(246,243) 4.51066e-05
(246,252) 4.5121e-05
(246,269) 4.51093e-05
(246,274) 4.51166e-05
(247,247) 0.000270332
(247,217) 4.50564e-05
(247,231) 4.50545e-05
(247,237) 4.50577e-05
(247,261) 4.50529e-05
(247,266) 4.50567e-05
(247,279) 4.50538e-05
(248,248) 0.000281643
(248,219) 4.69145e-05
(248,230) 5.01984e-05
(248,235) 4.49305e-05
(248,263) 4.83244e-05
(248,265) 4.55827e-05
(248,280) 4.56927e-05
(249,249) 0.000268348
(249,218) 4.45076e-05
(249,232) 0
(249,235) 4.46248e-05
(249,264) 0
(249,265) 4.48574e-05
(249,282) 4.49011e-05
(250,250) 0.000270484
(250,222) 4.50871e-05
(250,228) 4.50793e-05
(250,243) 4.50885e-05
(250,256) 4.50721e-05
(250,271) 4.50827e-05
(250,278) 4.50742e-05
(251,251) 0.00027028
(251,221) 4.50349e-05
(251,236) 0
(251,238) 4.50366e-05
(251,267) 0
(251,268) 4.50472e-05
(251,284) 4.50566e-05
(252,252) 0.000270749
(252,225) 4.51231e-05
(252,234) 4.51261e-05
(252,246) 4.5121e-05
(252,260) 4.51274e-05
(252,274) 4.51238e-05
(252,281) 4.51273e-05
(253,253) 0.000270299
(253,223) 4.503e-05
(253,238) 4.50339e-05
(253,239) 4.50496e-05
(253,268) 4.50527e-05
(253,270) 4.50667e-05
(253,285) 4.50659e-05
(254,254) 0.00027056
(254,224) 4.50794e-05
(254,239) 4.50744e-05
(254,240) 4.51e-05
(254,270) 4.50885e-05
(254,272) 4.51123e-05
(254,287) 4.51058e-05
(255,255) 0.000197926
(255,230) 4.04996e-05
(255,233) 3.77254e-05
(255,262) 3.8031e-05
(255,263) 4.08515e-05
(255,283) 4.08187e-05
(256,256) 0.000270399
(256,228) 4.50706e-05
(256,237) 4.50653e-05
(256,250) 4.50721e-05
(256,266) 4.50606e-05
(256,278) 4.50682e-05
(256,286) 4.5062e-05
(257,257) 0.000270285
(257,226) 4.50271e-05
(257,241) 4.50257e-05
(257,242) 4.50427e-05
(257,273) 4.50604e-05
(257,275) 4.5055e-05
(257,288) 4.50741e-05
(258,258) 0.000269716
(258,227) 4.47859e-05
(258,241) 4.49623e-05
(258,244) 4.47231e-05
(258,273) 4.50651e-05
(258,276) 4.50071e-05
(258,289) 4.51728e-05
(259,259) 0.000270303
(259,229) 4.50483e-05
(259,242) 4.50481e-05
(259,245) 4.505e-05
(259,275) 4.5052e-05
(259,277) 4.50511e-05
(259,291) 4.50534e-05
(260,260) 0.00027076
(260,234) 4.51235e-05
(260,240) 4.51222e-05
(260,252) 4.51274e-05
(260,272) 4.51254e-05
(260,281) 4.51309e-05
(260,290) 4.51302e-05
(261,261) 0.000270312
(261,231) 4.50522e-05
(261,245) 4.50516e-05
(261,247) 4.50529e-05
(261,277) 4.50513e-05
(261,279) 4.50527e-05
(261,292) 4.50517e-05
(262,262) 0.000259713
(262,233) 3.92079e-05
(262,244) 4.37252e-05
(262,255) 3.8031e-05
(262,276) 4.48912e-05
(262,283) 4.57573e-05
(262,293) 4.81003e-05
(263,263) 0.00027182
(263,230) 4.58991e-05
(263,248) 4.83244e-05
(263,255) 4.08515e-05
(263,280) 4.50029e-05
(263,283) 4.50082e-05
(263,295) 4.67342e-05
(264,264) 0.000134526
(264,232) 0
(264,249) 0
(264,282) 0
(264,299) 0
(265,265) 0.000270789
(265,235) 4.51196e-05
(265,248) 4.55827e-05
(265,249) 4.48574e-05
(265,280) 4.5313e-05
(265,282) 4.4962e-05
(265,297) 4.49545e-05
(266,266) 0.000270345
(266,237) 4.50595e-05
(266,247) 4.50567e-05
(266,256) 4.50606e-05
(266,279) 4.50544e-05
(266,286) 4.50586e-05
(266,298) 4.50551e-05
(267,267) 0.000135187
(267,236) 0
(267,251) 0
(267,284) 0
(267,301) 0
(268,268) 0.000270336
(268,238) 4.5041e-05
(268,251) 4.50472e-05
(268,253) 4.50527e-05
(268,284) 4.50612e-05
(268,285) 4.5066e-05
(268,302) 4.50683e-05
(269,269) 0.000270595
(269,243) 4.51003e-05
(269,246) 4.51093e-05
(269,271) 4.50902e-05
(269,274) 4.51072e-05
(269,294) 4.50901e-05
(269,296) 4.50981e-05
(270,270) 0.000270504
(270,239) 4.50689e-05
(270,253) 4.50667e-05
(270,254) 4.50885e-05
(270,285) 4.50814e-05
(270,287) 4.51015e-05
(270,303) 4.50966e-05
(271,271) 0.000270495
(271,243) 4.50911e-05
(271,250) 4.50827e-05
(271,269) 4.50902e-05
(271,278) 4.50742e-05
(271,294) 4.50824e-05
(271,300) 4.50748e-05
(272,272) 0.000270729
(272,240) 4.51162e-05
(272,254) 4.51123e-05
(272,260) 4.51254e-05
(272,287) 4.5118e-05
(272,290) 4.51301e-05
(272,305) 4.51266e-05
(273,273) 0.0002706
(273,241) 4.50313e-05
(273,257) 4.50604e-05
(273,258) 4.50651e-05
(273,288) 4.51001e-05
(273,289) 4.51687e-05
(273,306) 4.51746e-05
(274,274) 0.000270687
(274,246) 4.51166e-05
(274,252) 4.51238e-05
(274,269) 4.51072e-05
(274,281) 4.51208e-05
(274,296) 4.51062e-05
(274,304) 4.51126e-05
(275,275) 0.000270348
(275,242) 4.50507e-05
(275,257) 4.5055e-05
(275,259) 4.5052e-05
(275,288) 4.50674e-05
(275,291) 4.50558e-05
(275,307) 4.50669e-05
(276,276) 0.000271892
(276,244) 4.45449e-05
(276,258) 4.50071e-05
(276,262) 4.48912e-05
(276,289) 4.5389e-05
(276,293) 4.60123e-05
(276,309) 4.60478e-05
(277,277) 0.000270309
(277,245) 4.5051e-05
(277,259) 4.50511e-05
(277,261) 4.50513e-05
(277,291) 4.5052e-05
(277,292) 4.50514e-05
(277,310) 4.50521e-05
(278,278) 0.000270411
(278,250) 4.50742e-05
(278,256) 4.50682e-05
(278,271) 4.50742e-05
(278,286) 4.50624e-05
(278,300) 4.50688e-05
(278,308) 4.5063e-05
(279,279) 0.000270318
(279,247) 4.50538e-05
(279,261) 4.50527e-05
(279,266) 4.50544e-05
(279,292) 4.50518e-05
(279,298) 4.50536e-05
(279,311) 4.50521e-05
(280,280) 0.000268999
(280,248) 4.56927e-05
(280,263) 4.50029e-05
(280,265) 4.5313e-05
(280,295) 4.40762e-05
(280,297) 4.47309e-05
(280,313) 4.41838e-05
(281,281) 0.000270748
(281,252) 4.51273e-05
(281,260) 4.51309e-05
(281,274) 4.51208e-05
(281,290) 4.51279e-05
(281,304) 4.5119e-05
(281,312) 4.51225e-05
(282,282) 0.000269518
(282,249) 4.49011e-05
(282,264) 0
(282,265) 4.4962e-05
(282,297) 4.49336e-05
(282,299) 0
(282,316) 4.49146e-05
(283,283) 0.000315899
(283,255) 4.08187e-05
(283,262) 4.57573e-05
(283,263) 4.50082e-05
(283,293) 5.14958e-05
(283,295) 4.4818e-05
(283,314) 4.69414e-05
(283,315) 4.10591e-05
(284,284) 0.000270392
(284,251) 4.50566e-05
(284,267) 0
(284,268) 4.50612e-05
(284,301) 0
(284,302) 4.50692e-05
(284,318) 4.50728e-05
(285,285) 0.000270475
(285,253) 4.50659e-05
(285,268) 4.5066e-05
(285,270) 4.50814e-05
(285,302) 4.50786e-05
(285,303) 4.5093e-05
(285,319) 4.50901e-05
(286,286) 0.000270354
(286,256) 4.5062e-05
(286,266) 4.50586e-05
(286,278) 4.50624e-05
(286,298) 4.50554e-05
(286,308) 4.50594e-05
(286,317) 4.50559e-05
(287,287) 0.000270677
(287,254) 4.51058e-05
(287,270) 4.51015e-05
(287,272) 4.5118e-05
(287,303) 4.51089e-05
(287,305) 4.51238e-05
(287,321) 4.51191e-05
(288,288) 0.00027056
(288,257) 4.50741e-05
(288,273) 4.51001e-05
(288,275) 4.50674e-05
(288,306) 4.5128e-05
(288,307) 4.50776e-05
(288,323) 4.51123e-05
(289,289) 0.00027208
(289,258) 4.51728e-05
(289,273) 4.51687e-05
(289,276) 4.5389e-05
(289,306) 4.52665e-05
(289,309) 4.56007e-05
(289,324) 4.54823e-05
(290,290) 0.000270769
(290,260) 4.51302e-05
(290,272) 4.51301e-05
(290,281) 4.51279e-05
(290,305) 4.51282e-05
(290,312) 4.51259e-05
(290,325) 4.51263e-05
(291,291) 0.00027033
(291,259) 4.50534e-05
(291,275) 4.50558e-05
(291,277) 4.5052e-05
(291,307) 4.50586e-05
(291,310) 4.50527e-05
(291,326) 4.50569e-05
(292,292) 0.000270309
(292,261) 4.50517e-05
(292,277) 4.50514e-05
(292,279) 4.50518e-05
(292,310) 4.50513e-05
(292,311) 4.50516e-05
(292,328) 4.50513e-05
