(0,0) 3.70086
(0,1) 0
(0,2) 0
(0,3) 0
(0,4) -0.645046
(0,5) -0.665791
(1,1) 0.836242
(1,0) 0
(1,2) 0
(1,3) 0
(2,2) 1.82186
(2,0) 0
(2,1) 0
(2,4) 0
(2,6) 0
(3,3) 1.81741
(3,0) 0
(3,1) 0
(3,5) 0
(3,7) 0
(4,4) 3.52105
(4,0) -0.645046
(4,2) 0
(4,5) -0.644292
(4,6) 0
(4,8) -0.495328
(4,9) -0.641465
(5,5) 3.52796
(5,0) -0.665791
(5,3) 0
(5,4) -0.644292
(5,7) 0
(5,8) -0.474898
(5,10) -0.675057
(6,6) 1.73455
(6,2) 0
(6,4) 0
(6,9) 0
(6,11) 0
(7,7) 1.73412
(7,3) 0
(7,5) 0
(7,10) 0
(7,13) 0
(8,8) 3.37318
(8,4) -0.495328
(8,5) -0.474898
(8,9) -0.482254
(8,10) -0.472748
(8,12) -0.468658
(8,14) -0.494626
(8,16) -0.484669
(9,9) 3.48562
(9,4) -0.641465
(9,6) 0
(9,8) -0.482254
(9,11) 0
(9,12) -0.681826
(9,15) -0.5377
(10,10) 3.48517
(10,5) -0.675057
(10,7) 0
(10,8) -0.472748
(10,13) 0
(10,14) -0.644489
(10,17) -0.592345
(11,11) 1.73261
(11,6) 0
(11,9) 0
(11,15) 0
(11,18) 0
(12,12) 3.52568
(12,8) -0.468658
(12,9) -0.681826
(12,15) -0.602232
(12,16) -0.630689
(12,19) -0.446706
(12,20) -0.695574
(13,13) 1.73399
(13,7) 0
(13,10) 0
(13,17) 0
(13,21) 0
(14,14) 3.48159
(14,8) -0.494626
(14,10) -0.644489
(14,16) -0.659296
(14,17) -0.56081
(14,22) -0.545167
(14,23) -0.577205
(15,15) 3.46637
(15,9) -0.5377
(15,11) 0
(15,12) -0.602232
(15,18) 0
(15,19) -0.589565
(15,24) -0.549368
(16,16) 3.52089
(16,8) -0.484669
(16,12) -0.630689
(16,14) -0.659296
(16,20) -0.6725
(16,22) -0.614892
(16,25) -0.458839
(17,17) 3.465
(17,10) -0.592345
(17,13) 0
(17,14) -0.56081
(17,21) 0
(17,23) -0.578279
(17,26) -0.592509
(18,18) 1.73231
(18,11) 0
(18,15) 0
(18,24) 0
(18,28) 0
(19,19) 3.52528
(19,12) -0.446706
(19,15) -0.589565
(19,20) -0.830709
(19,24) -0.602622
(19,27) -0.437211
(19,29) -0.61847
(20,20) 3.6581
(20,12) -0.695574
(20,16) -0.6725
(20,19) -0.830709
(20,25) -0.85454
(20,27) -0.604774
(21,21) 1.73261
(21,13) 0
(21,17) 0
(21,26) 0
(21,31) 0
(22,22) 3.46705
(22,14) -0.545167
(22,16) -0.614892
(22,23) -0.584478
(22,25) -0.566197
(22,30) -0.599956
(22,32) -0.556361
(23,23) 3.46484
(23,14) -0.577205
(23,17) -0.578279
(23,22) -0.584478
(23,26) -0.572577
(23,30) -0.561923
(23,33) -0.590382
(24,24) 3.46503
(24,15) -0.549368
(24,18) 0
(24,19) -0.602622
(24,28) 0
(24,29) -0.574802
(24,34) -0.565733
(25,25) 3.53435
(25,16) -0.458839
(25,20) -0.85454
(25,22) -0.566197
(25,27) -0.393728
(25,32) -0.613841
(25,35) -0.647205
(26,26) 3.46445
(26,17) -0.592509
(26,21) 0
(26,23) -0.572577
(26,31) 0
(26,33) -0.567674
(26,37) -0.588805
(27,27) 3.41165
(27,19) -0.437211
(27,20) -0.604774
(27,25) -0.393728
(27,29) -0.511932
(27,35) -0.45575
(27,36) -0.386728
(27,40) -0.621523
(28,28) 1.7323
(28,18) 0
(28,24) 0
(28,34) 0
(28,38) 0
(29,29) 3.47221
(29,19) -0.61847
(29,24) -0.574802
(29,27) -0.511932
(29,34) -0.570574
(29,36) -0.647889
(29,41) -0.548547
(30,30) 3.46489
(30,22) -0.599956
(30,23) -0.561923
(30,32) -0.569516
(30,33) -0.575185
(30,39) -0.562562
(30,42) -0.595746
(31,31) 1.73221
(31,21) 0
(31,26) 0
(31,37) 0
(31,44) 0
(32,32) 3.466
(32,22) -0.556361
(32,25) -0.613841
(32,30) -0.569516
(32,35) -0.557783
(32,39) -0.605026
(32,43) -0.563471
(33,33) 3.46439
(33,23) -0.590382
(33,26) -0.567674
(33,30) -0.575185
(33,37) -0.577209
(33,42) -0.565603
(33,45) -0.588338
(34,34) 3.46476
(34,24) -0.565733
(34,28) 0
(34,29) -0.570574
(34,38) 0
(34,41) -0.602789
(34,46) -0.557133
(35,35) 3.50233
(35,25) -0.647205
(35,27) -0.45575
(35,32) -0.557783
(35,40) -0.750412
(35,43) -0.611053
(35,47) -0.480126
(36,36) 3.54605
(36,27) -0.386728
(36,29) -0.647889
(36,40) -0.888804
(36,41) -0.580541
(36,48) -0.422514
(36,49) -0.619574
(37,37) 3.46431
(37,26) -0.588805
(37,31) 0
(37,33) -0.577209
(37,44) 0
(37,45) -0.567767
(37,50) -0.583274
(38,38) 1.73243
(38,28) 0
(38,34) 0
(38,46) 0
(38,53) 0
(39,39) 3.465
(39,30) -0.562562
(39,32) -0.605026
(39,42) -0.570405
(39,43) -0.56237
(39,51) -0.597738
(39,52) -0.566895
(40,40) 3.66969
(40,27) -0.621523
(40,35) -0.750412
(40,36) -0.888804
(40,47) -0.814915
(40,48) -0.594036
(41,41) 3.46568
(41,29) -0.548547
(41,34) -0.602789
(41,36) -0.580541
(41,46) -0.574864
(41,49) -0.605746
(41,54) -0.553188
(42,42) 3.46448
(42,30) -0.595746
(42,33) -0.565603
(42,39) -0.570405
(42,45) -0.575878
(42,51) -0.566924
(42,55) -0.589925
(43,43) 3.46576
(43,32) -0.563471
(43,35) -0.611053
(43,39) -0.56237
(43,47) -0.554529
(43,52) -0.605108
(43,56) -0.569226
(44,44) 1.73212
(44,31) 0
(44,37) 0
(44,50) 0
(44,57) 0
(45,45) 3.46426
(45,33) -0.588338
(45,37) -0.567767
(45,42) -0.575878
(45,50) -0.580226
(45,55) -0.568689
(45,58) -0.583358
(46,46) 3.46497
(46,34) -0.557133
(46,38) 0
(46,41) -0.574864
(46,53) 0
(46,54) -0.602409
(46,61) -0.557716
(47,47) 3.52226
(47,35) -0.480126
(47,40) -0.814915
(47,43) -0.554529
(47,48) -0.417315
(47,56) -0.614936
(47,59) -0.64044
(48,48) 3.40449
(48,36) -0.422514
(48,40) -0.594036
(48,47) -0.417315
(48,49) -0.44334
(48,59) -0.522909
(48,60) -0.589661
(48,66) -0.414711
(49,49) 3.51314
(49,36) -0.619574
(49,41) -0.605746
(49,48) -0.44334
(49,54) -0.574064
(49,60) -0.801563
(49,63) -0.468849
(50,50) 3.46421
(50,37) -0.583274
(50,44) 0
(50,45) -0.580226
(50,57) 0
(50,58) -0.569941
(50,65) -0.578735
(51,51) 3.46452
(51,39) -0.597738
(51,42) -0.566924
(51,52) -0.565914
(51,55) -0.572804
(51,62) -0.570623
(51,64) -0.590514
(52,52) 3.46496
(52,39) -0.566895
(52,43) -0.605108
(52,51) -0.565914
(52,56) -0.556934
(52,62) -0.596111
(52,67) -0.573997
(53,53) 1.73258
(53,38) 0
(53,46) 0
(53,61) 0
(53,69) 0
(54,54) 3.46548
(54,41) -0.553188
(54,46) -0.602409
(54,49) -0.574064
(54,61) -0.570257
(54,63) -0.605286
(54,71) -0.560277
(55,55) 3.46426
(55,42) -0.589925
(55,45) -0.568689
(55,51) -0.572804
(55,58) -0.578131
(55,64) -0.570498
(55,68) -0.584215
(56,56) 3.46612
(56,43) -0.569226
(56,47) -0.614936
(56,52) -0.556934
(56,59) -0.54047
(56,67) -0.598189
(56,70) -0.586367
(57,57) 1.7321
(57,44) 0
(57,50) 0
(57,65) 0
(57,72) 0
(58,58) 3.46417
(58,45) -0.583358
(58,50) -0.569941
(58,55) -0.578131
(58,65) -0.582409
(58,68) -0.57125
(58,73) -0.579082
(59,59) 3.47125
(59,47) -0.64044
(59,48) -0.522909
(59,56) -0.54047
(59,66) -0.607383
(59,70) -0.585617
(59,75) -0.574431
(60,60) 3.67208
(60,48) -0.589661
(60,49) -0.801563
(60,63) -0.765254
(60,66) -0.901154
(60,74) -0.614447
(61,61) 3.4651
(61,46) -0.557716
(61,53) 0
(61,54) -0.570257
(61,69) 0
(61,71) -0.60296
(61,78) -0.56355
(62,62) 3.46446
(62,51) -0.570623
(62,52) -0.596111
(62,64) -0.569743
(62,67) -0.563562
(62,76) -0.589539
(62,77) -0.574887
(63,63) 3.50539
(63,49) -0.468849
(63,54) -0.605286
(63,60) -0.765254
(63,71) -0.562919
(63,74) -0.454652
(63,80) -0.648434
(64,64) 3.46426
(64,51) -0.590514
(64,55) -0.570498
(64,62) -0.569743
(64,68) -0.575341
(64,76) -0.573123
(64,79) -0.585046
(65,65) 3.46418
(65,50) -0.578735
(65,57) 0
(65,58) -0.582409
(65,72) 0
(65,73) -0.571494
(65,81) -0.575962
(66,66) 3.55115
(66,48) -0.414711
(66,59) -0.607383
(66,60) -0.901154
(66,74) -0.387983
(66,75) -0.601985
(66,83) -0.637934
(67,67) 3.46467
(67,52) -0.573997
(67,56) -0.598189
(67,62) -0.563562
(67,70) -0.557726
(67,77) -0.59194
(67,82) -0.579256
(68,68) 3.46416
(68,55) -0.584215
(68,58) -0.57125
(68,64) -0.575341
(68,73) -0.580205
(68,79) -0.572724
(68,84) -0.580424
(69,69) 1.73255
(69,53) 0
(69,61) 0
(69,78) 0
(69,86) 0
(70,70) 3.4646
(70,56) -0.586367
(70,59) -0.585617
(70,67) -0.557726
(70,75) -0.562121
(70,82) -0.589995
(70,85) -0.582777
(71,71) 3.46567
(71,54) -0.560277
(71,61) -0.60296
(71,63) -0.562919
(71,78) -0.566391
(71,80) -0.609252
(71,87) -0.563871
(72,72) 1.7321
(72,57) 0
(72,65) 0
(72,81) 0
(72,88) 0
(73,73) 3.46415
(73,58) -0.579082
(73,65) -0.571494
(73,68) -0.580205
(73,81) -0.583968
(73,84) -0.572513
(73,90) -0.576888
(74,74) 3.41173
(74,60) -0.614447
(74,63) -0.454652
(74,66) -0.387983
(74,80) -0.393733
(74,83) -0.516295
(74,91) -0.606417
(74,93) -0.438206
(75,75) 3.46501
(75,59) -0.574431
(75,66) -0.601985
(75,70) -0.562121
(75,83) -0.548046
(75,85) -0.587661
(75,94) -0.590762
(76,76) 3.46426
(76,62) -0.589539
(76,64) -0.573123
(76,77) -0.567996
(76,79) -0.572549
(76,89) -0.575593
(76,92) -0.585455
(77,77) 3.46436
(77,62) -0.574887
(77,67) -0.59194
(77,76) -0.567996
(77,82) -0.564229
(77,89) -0.587548
(77,95) -0.577761
(78,78) 3.46502
(78,61) -0.56355
(78,69) 0
(78,71) -0.566391
(78,86) 0
(78,87) -0.59702
(78,97) -0.574606
(79,79) 3.46416
(79,64) -0.585046
(79,68) -0.572724
(79,76) -0.572549
(79,84) -0.577191
(79,92) -0.574444
(79,96) -0.582208
(80,80) 3.53261
(80,63) -0.648434
(80,71) -0.609252
(80,74) -0.393733
(80,87) -0.562093
(80,91) -0.85042
(80,99) -0.468673
(81,81) 3.46419
(81,65) -0.575962
(81,72) 0
(81,73) -0.583968
(81,88) 0
(81,90) -0.571936
(81,100) -0.574911
(82,82) 3.4644
(82,67) -0.579256
(82,70) -0.589995
(82,77) -0.564229
(82,85) -0.562599
(82,95) -0.587548
(82,98) -0.580771
(83,83) 3.47108
(83,66) -0.637934
(83,74) -0.516295
(83,75) -0.548046
(83,93) -0.617724
(83,94) -0.577278
(83,102) -0.573801
(84,84) 3.46413
(84,68) -0.580424
(84,73) -0.572513
(84,79) -0.577191
(84,90) -0.581435
(84,96) -0.573578
(84,101) -0.57899
(85,85) 3.46443
(85,70) -0.582777
(85,75) -0.587661
(85,82) -0.562599
(85,94) -0.561334
(85,98) -0.585651
(85,103) -0.584406
(86,86) 1.73238
(86,69) 0
(86,78) 0
(86,97) 0
(86,105) 0
(87,87) 3.46638
(87,71) -0.563871
(87,78) -0.59702
(87,80) -0.562093
(87,97) -0.575151
(87,99) -0.608523
(87,106) -0.559721
(88,88) 1.7321
(88,72) 0
(88,81) 0
(88,100) 0
(88,109) 0
(89,89) 3.46423
(89,76) -0.575593
(89,77) -0.587548
(89,92) -0.57065
(89,95) -0.568137
(89,104) -0.585102
(89,107) -0.577201
(90,90) 3.46416
(90,73) -0.576888
(90,81) -0.571936
(90,84) -0.581435
(90,100) -0.584675
(90,101) -0.572575
(90,111) -0.576646
(91,91) 3.65719
(91,74) -0.606417
(91,80) -0.85042
(91,93) -0.825336
(91,99) -0.669059
(91,108) -0.705962
(92,92) 3.46418
(92,76) -0.585455
(92,79) -0.574444
(92,89) -0.57065
(92,96) -0.574064
(92,104) -0.575854
(92,110) -0.58371
(93,93) 3.52452
(93,74) -0.438206
(93,83) -0.617724
(93,91) -0.825336
(93,102) -0.600344
(93,108) -0.44757
(93,113) -0.595337
(94,94) 3.46444
(94,75) -0.590762
(94,83) -0.577278
(94,85) -0.561334
(94,102) -0.567275
(94,103) -0.582269
(94,114) -0.58552
(95,95) 3.46426
(95,77) -0.577761
(95,82) -0.587548
(95,89) -0.568137
(95,98) -0.566672
(95,107) -0.585174
(95,112) -0.57897
(96,96) 3.46413
(96,79) -0.582208
(96,84) -0.573578
(96,92) -0.574064
(96,101) -0.578059
(96,110) -0.57464
(96,115) -0.581585
(97,97) 3.46519
(97,78) -0.574606
(97,86) 0
(97,87) -0.575151
(97,105) 0
(97,106) -0.569933
(97,117) -0.599225
(98,98) 3.46427
(98,82) -0.580771
(98,85) -0.585651
(98,95) -0.566672
(98,103) -0.566029
(98,112) -0.583901
(98,116) -0.581245
(99,99) 3.5176
(99,80) -0.468673
(99,87) -0.608523
(99,91) -0.669059
(99,106) -0.652521
(99,108) -0.620549
(99,118) -0.498277
(100,100) 3.46419
(100,81) -0.574911
(100,88) 0
(100,90) -0.584675
(100,109) 0
(100,111) -0.571729
(100,119) -0.575195
(101,101) 3.46413
(101,84) -0.57899
(101,90) -0.572575
(101,96) -0.578059
(101,111) -0.581716
(101,115) -0.573432
(101,121) -0.579359
(102,102) 3.46499
(102,83) -0.573801
(102,93) -0.600344
(102,94) -0.567275
(102,113) -0.551186
(102,114) -0.582208
(102,123) -0.590176
(103,103) 3.46427
(103,85) -0.584406
(103,94) -0.582269
(103,98) -0.566029
(103,114) -0.566313
(103,116) -0.581726
(103,124) -0.583531
(104,104) 3.46418
(104,89) -0.585102
(104,92) -0.575854
(104,107) -0.570323
(104,110) -0.572009
(104,120) -0.576663
(104,122) -0.584231
(105,105) 1.73259
(105,86) 0
(105,97) 0
(105,117) 0
(105,127) 0
(106,106) 3.48283
(106,87) -0.559721
(106,97) -0.569933
(106,99) -0.652521
(106,117) -0.553517
(106,118) -0.488341
(106,128) -0.658794
(107,107) 3.46419
(107,89) -0.577201
(107,95) -0.585174
(107,104) -0.570323
(107,112) -0.569738
(107,120) -0.583957
(107,125) -0.577801
(108,108) 3.52725
(108,91) -0.705962
(108,93) -0.44757
(108,99) -0.620549
(108,113) -0.593086
(108,118) -0.469932
(108,126) -0.690155
(109,109) 1.7321
(109,88) 0
(109,100) 0
(109,119) 0
(109,130) 0
(110,110) 3.46416
(110,92) -0.58371
(110,96) -0.57464
(110,104) -0.572009
(110,115) -0.57473
(110,122) -0.575588
(110,129) -0.583479
(111,111) 3.46416
(111,90) -0.576646
(111,100) -0.571729
(111,101) -0.581716
(111,119) -0.58431
(111,121) -0.572272
(111,132) -0.577484
(112,112) 3.46419
(112,95) -0.57897
(112,98) -0.583901
(112,107) -0.569738
(112,116) -0.569724
(112,125) -0.582754
(112,131) -0.5791
(113,113) 3.46615
(113,93) -0.595337
(113,102) -0.551186
(113,108) -0.593086
(113,123) -0.57965
(113,126) -0.542102
(113,134) -0.60479
(114,114) 3.46431
(114,94) -0.58552
(114,102) -0.582208
(114,103) -0.566313
(114,123) -0.564559
(114,124) -0.579606
(114,135) -0.586102
(115,115) 3.46413
(115,96) -0.581585
(115,101) -0.573432
(115,110) -0.57473
(115,121) -0.578026
(115,129) -0.57437
(115,133) -0.581989
(116,116) 3.46418
(116,98) -0.581245
(116,103) -0.581726
(116,112) -0.569724
(116,124) -0.56991
(116,131) -0.580978
(116,136) -0.580595
(117,117) 3.46542
(117,97) -0.599225
(117,105) 0
(117,106) -0.553517
(117,127) 0
(117,128) -0.579672
(117,138) -0.598833
(118,118) 3.37323
(118,99) -0.498277
(118,106) -0.488341
(118,108) -0.469932
(118,126) -0.466846
(118,128) -0.463201
(118,139) -0.501735
(118,141) -0.4849
(119,119) 3.46418
(119,100) -0.575195
(119,109) 0
(119,111) -0.58431
(119,130) 0
(119,132) -0.571675
(119,142) -0.576036
(120,120) 3.46417
(120,104) -0.576663
(120,107) -0.583957
(120,122) -0.571546
(120,125) -0.571497
(120,137) -0.583533
(120,140) -0.576971
(121,121) 3.46413
(121,101) -0.579359
(121,111) -0.572272
(121,115) -0.578026
(121,132) -0.581119
(121,133) -0.573119
(121,144) -0.580238
(122,122) 3.46417
(122,104) -0.584231
(122,110) -0.575588
(122,120) -0.571546
(122,129) -0.572677
(122,137) -0.576121
(122,143) -0.584004
(123,123) 3.4644
(123,102) -0.590176
(123,113) -0.57965
(123,114) -0.564559
(123,134) -0.563402
(123,135) -0.577431
(123,146) -0.589184
(124,124) 3.46418
(124,103) -0.583531
(124,114) -0.579606
(124,116) -0.56991
(124,135) -0.569842
(124,136) -0.579091
(124,147) -0.582205
(125,125) 3.46415
(125,107) -0.577801
(125,112) -0.582754
(125,120) -0.571497
(125,131) -0.572071
(125,140) -0.582274
(125,145) -0.577755
(126,126) 3.48859
(126,108) -0.690155
(126,113) -0.542102
(126,118) -0.466846
(126,134) -0.558346
(126,139) -0.661279
(126,148) -0.569864
(127,127) 1.73258
(127,105) 0
(127,117) 0
(127,138) 0
(127,150) 0
(128,128) 3.48785
(128,106) -0.658794
(128,117) -0.579672
(128,118) -0.463201
(128,138) -0.545076
(128,141) -0.685111
(128,151) -0.555999
(129,129) 3.46415
(129,110) -0.583479
(129,115) -0.57437
(129,122) -0.572677
(129,133) -0.574945
(129,143) -0.575135
(129,149) -0.583546
(130,130) 1.73209
(130,109) 0
(130,119) 0
(130,142) 0
(130,153) 0
(131,131) 3.46414
(131,112) -0.5791
(131,116) -0.580978
(131,125) -0.572071
(131,136) -0.572751
(131,145) -0.580634
(131,152) -0.578603
(132,132) 3.46415
(132,111) -0.577484
(132,119) -0.571675
(132,121) -0.581119
(132,142) -0.583124
(132,144) -0.572286
(132,154) -0.57846
(133,133) 3.46414
(133,115) -0.581989
(133,121) -0.573119
(133,129) -0.574945
(133,144) -0.577648
(133,149) -0.574127
(133,155) -0.582309
(134,134) 3.46489
(134,113) -0.60479
(134,123) -0.563402
(134,126) -0.558346
(134,146) -0.573796
(134,148) -0.580325
(134,157) -0.58423
(135,135) 3.4642
(135,114) -0.586102
(135,123) -0.577431
(135,124) -0.569842
(135,146) -0.569886
(135,147) -0.577378
(135,160) -0.583562
(136,136) 3.46413
(136,116) -0.580595
(136,124) -0.579091
(136,131) -0.572751
(136,147) -0.573179
(136,152) -0.579018
(136,161) -0.579495
(137,137) 3.46415
(137,120) -0.583533
(137,122) -0.576121
(137,140) -0.572542
(137,143) -0.572453
(137,156) -0.576292
(137,158) -0.583213
(138,138) 3.46553
(138,117) -0.598833
(138,127) 0
(138,128) -0.545076
(138,150) 0
(138,151) -0.60105
(138,164) -0.574749
(139,139) 3.51624
(139,118) -0.501735
(139,126) -0.661279
(139,141) -0.604513
(139,148) -0.591343
(139,159) -0.681151
(139,163) -0.47622
(140,140) 3.46414
(140,120) -0.576971
(140,125) -0.582274
(140,137) -0.572542
(140,145) -0.573367
(140,156) -0.582067
(140,162) -0.576919
(141,141) 3.52405
(141,118) -0.4849
(141,128) -0.685111
(141,139) -0.604513
(141,151) -0.582792
(141,159) -0.703228
(141,165) -0.463506
(142,142) 3.46416
(142,119) -0.576036
(142,130) 0
(142,132) -0.583124
(142,153) 0
(142,154) -0.572259
(142,167) -0.576779
(143,143) 3.46416
(143,122) -0.584004
(143,129) -0.575135
(143,137) -0.572453
(143,149) -0.573362
(143,158) -0.575617
(143,166) -0.583587
(144,144) 3.46413
(144,121) -0.580238
(144,132) -0.572286
(144,133) -0.577648
(144,154) -0.580046
(144,155) -0.573279
(144,169) -0.580636
(145,145) 3.46412
(145,125) -0.577755
(145,131) -0.580634
(145,140) -0.573367
(145,152) -0.57434
(145,162) -0.580547
(145,168) -0.57748
(146,146) 3.46422
(146,123) -0.589184
(146,134) -0.573796
(146,135) -0.569886
(146,157) -0.572135
(146,160) -0.576118
(146,170) -0.583103
(147,147) 3.46413
(147,124) -0.582205
(147,135) -0.577378
(147,136) -0.573179
(147,160) -0.573438
(147,161) -0.577679
(147,173) -0.580252
(148,148) 3.46487
(148,126) -0.569864
(148,134) -0.580325
(148,139) -0.591343
(148,157) -0.57957
(148,163) -0.568459
(148,172) -0.575306
(149,149) 3.46415
(149,129) -0.583546
(149,133) -0.574127
(149,143) -0.573362
(149,155) -0.575145
(149,166) -0.574893
(149,171) -0.583076
(150,150) 1.73219
(150,127) 0
(150,138) 0
(150,164) 0
(150,175) 0
(151,151) 3.46609
(151,128) -0.555999
(151,138) -0.60105
(151,141) -0.582792
(151,164) -0.572551
(151,165) -0.590616
(151,177) -0.563085
(152,152) 3.46411
(152,131) -0.578603
(152,136) -0.579018
(152,145) -0.57434
(152,161) -0.575069
(152,168) -0.579096
(152,174) -0.577986
(153,153) 1.73208
(153,130) 0
(153,142) 0
(153,167) 0
(153,179) 0
(154,154) 3.46413
(154,132) -0.57846
(154,142) -0.572259
(154,144) -0.580046
(154,167) -0.581583
(154,169) -0.572937
(154,180) -0.57885
(155,155) 3.46413
(155,133) -0.582309
(155,144) -0.573279
(155,149) -0.575145
(155,169) -0.577295
(155,171) -0.574236
(155,182) -0.581871
(156,156) 3.46413
(156,137) -0.576292
(156,140) -0.582067
(156,158) -0.573525
(156,162) -0.574222
(156,176) -0.581723
(156,178) -0.576302
(157,157) 3.46418
(157,134) -0.58423
(157,146) -0.572135
(157,148) -0.57957
(157,170) -0.577446
(157,172) -0.569258
(157,184) -0.581544
(158,158) 3.46414
(158,137) -0.583213
(158,143) -0.575617
(158,156) -0.573525
(158,166) -0.57349
(158,176) -0.575758
(158,183) -0.582541
(159,159) 3.65276
(159,139) -0.681151
(159,141) -0.703228
(159,163) -0.829457
(159,165) -0.818446
(159,181) -0.620475
(160,160) 3.46414
(160,135) -0.583562
(160,146) -0.576118
(160,147) -0.573438
(160,170) -0.573707
(160,173) -0.576871
(160,186) -0.58044
(161,161) 3.46411
(161,136) -0.579495
(161,147) -0.577679
(161,152) -0.575069
(161,173) -0.575473
(161,174) -0.577979
(161,187) -0.578414
(162,162) 3.46412
(162,140) -0.576919
(162,145) -0.580547
(162,156) -0.574222
(162,168) -0.575154
(162,178) -0.580469
(162,185) -0.576807
(163,163) 3.52786
(163,139) -0.47622
(163,148) -0.568459
(163,159) -0.829457
(163,172) -0.600533
(163,181) -0.408852
(163,188) -0.644335
(164,164) 3.4644
(164,138) -0.574749
(164,150) 0
(164,151) -0.572551
(164,175) 0
(164,177) -0.589255
(164,190) -0.566191
(165,165) 3.52244
(165,141) -0.463506
(165,151) -0.590616
(165,159) -0.818446
(165,177) -0.583063
(165,181) -0.418967
(165,192) -0.64784
(166,166) 3.46415
(166,143) -0.583587
(166,149) -0.574893
(166,158) -0.57349
(166,171) -0.574307
(166,183) -0.575243
(166,189) -0.582627
(167,167) 3.46413
(167,142) -0.576779
(167,153) 0
(167,154) -0.581583
(167,179) 0
(167,180) -0.573377
(167,193) -0.577135
(168,168) 3.46411
(168,145) -0.57748
(168,152) -0.579096
(168,162) -0.575154
(168,174) -0.575956
(168,185) -0.579189
(168,191) -0.577233
(169,169) 3.46413
(169,144) -0.580636
(169,154) -0.572937
(169,155) -0.577295
(169,180) -0.5791
(169,182) -0.573883
(169,194) -0.580275
(170,170) 3.46413
(170,146) -0.583103
(170,157) -0.577446
(170,160) -0.573707
(170,184) -0.572629
(170,186) -0.577234
(170,196) -0.580017
(171,171) 3.46414
(171,149) -0.583076
(171,155) -0.574236
(171,166) -0.574307
(171,182) -0.575714
(171,189) -0.574845
(171,195) -0.58196
(172,172) 3.46495
(172,148) -0.575306
(172,157) -0.569258
(172,163) -0.600533
(172,184) -0.582001
(172,188) -0.549804
(172,198) -0.58805
(173,173) 3.46411
(173,147) -0.580252
(173,160) -0.576871
(173,161) -0.575473
(173,186) -0.575577
(173,187) -0.577312
(173,199) -0.578624
(174,174) 3.4641
(174,152) -0.577986
(174,161) -0.577979
(174,168) -0.575956
(174,187) -0.57645
(174,191) -0.578187
(174,201) -0.577546
(175,175) 1.73218
(175,150) 0
(175,164) 0
(175,190) 0
(175,203) 0
(176,176) 3.46412
(176,156) -0.581723
(176,158) -0.575758
(176,178) -0.575064
(176,183) -0.574689
(176,197) -0.575792
(176,200) -0.581098
(177,177) 3.46486
(177,151) -0.563085
(177,164) -0.589255
(177,165) -0.583063
(177,190) -0.578988
(177,192) -0.586636
(177,204) -0.563833
(178,178) 3.46411
(178,156) -0.576302
(178,162) -0.580469
(178,176) -0.575064
(178,185) -0.575733
(178,197) -0.580227
(178,202) -0.576318
(179,179) 1.73207
(179,153) 0
(179,167) 0
(179,193) 0
(179,206) 0
(180,180) 3.46412
(180,154) -0.57885
(180,167) -0.573377
(180,169) -0.5791
(180,193) -0.580192
(180,194) -0.574006
(180,208) -0.578596
(181,181) 3.40981
(181,159) -0.620475
(181,163) -0.408852
(181,165) -0.418967
(181,188) -0.515528
(181,192) -0.430836
(181,205) -0.415545
(181,209) -0.59961
(182,182) 3.46413
(182,155) -0.581871
(182,169) -0.573883
(182,171) -0.575714
(182,194) -0.577264
(182,195) -0.574624
(182,211) -0.580769
(183,183) 3.46413
(183,158) -0.582541
(183,166) -0.575243
(183,176) -0.574689
(183,189) -0.574833
(183,200) -0.575335
(183,207) -0.581489
(184,184) 3.46417
(184,157) -0.581544
(184,170) -0.572629
(184,172) -0.582001
(184,196) -0.579242
(184,198) -0.568556
(184,212) -0.580196
(185,185) 3.46411
(185,162) -0.576807
(185,168) -0.579189
(185,178) -0.575733
(185,191) -0.576388
(185,202) -0.579194
(185,210) -0.576796
(186,186) 3.46411
(186,160) -0.58044
(186,170) -0.577234
(186,173) -0.575577
(186,196) -0.575023
(186,199) -0.577299
(186,213) -0.578538
(187,187) 3.4641
(187,161) -0.578414
(187,173) -0.577312
(187,174) -0.57645
(187,199) -0.576632
(187,201) -0.577577
(187,215) -0.577718
(188,188) 3.47147
(188,163) -0.644335
(188,172) -0.549804
(188,181) -0.515528
(188,198) -0.57541
(188,205) -0.613675
(188,216) -0.572721
(189,189) 3.46413
(189,166) -0.582627
(189,171) -0.574845
(189,183) -0.574833
(189,195) -0.575528
(189,207) -0.575033
(189,214) -0.581264
(190,190) 3.46442
(190,164) -0.566191
(190,175) 0
(190,177) -0.578988
(190,203) 0
(190,204) -0.588724
(190,218) -0.564059
(191,191) 3.4641
(191,168) -0.577233
(191,174) -0.578187
(191,185) -0.576388
(191,201) -0.576842
(191,210) -0.578313
(191,217) -0.577141
(192,192) 3.51105
(192,165) -0.64784
(192,177) -0.586636
(192,181) -0.430836
(192,204) -0.580111
(192,209) -0.790461
(192,219) -0.47517
(193,193) 3.46412
(193,167) -0.577135
(193,179) 0
(193,180) -0.580192
(193,206) 0
(193,208) -0.574654
(193,221) -0.577108
(194,194) 3.46412
(194,169) -0.580275
(194,180) -0.574006
(194,182) -0.577264
(194,208) -0.578536
(194,211) -0.574667
(194,223) -0.579368
(195,195) 3.46412
(195,171) -0.58196
(195,182) -0.574624
(195,189) -0.575528
(195,211) -0.576572
(195,214) -0.574924
(195,224) -0.580515
(196,196) 3.46412
(196,170) -0.580017
(196,184) -0.579242
(196,186) -0.575023
(196,212) -0.57315
(196,213) -0.578272
(196,226) -0.578413
(197,197) 3.46411
(197,176) -0.575792
(197,178) -0.580227
(197,200) -0.576032
(197,202) -0.576337
(197,220) -0.579787
(197,222) -0.575937
(198,198) 3.46424
(198,172) -0.58805
(198,184) -0.568556
(198,188) -0.57541
(198,212) -0.581395
(198,216) -0.572592
(198,227) -0.578239
(199,199) 3.4641
(199,173) -0.578624
(199,186) -0.577299
(199,187) -0.576632
(199,213) -0.576402
(199,215) -0.577396
(199,229) -0.577751
(200,200) 3.46412
(200,176) -0.581098
(200,183) -0.575335
(200,197) -0.576032
(200,207) -0.575978
(200,220) -0.575418
(200,225) -0.580257
(201,201) 3.4641
(201,174) -0.577546
(201,187) -0.577577
(201,191) -0.576842
(201,215) -0.577062
(201,217) -0.577734
(201,231) -0.577342
(202,202) 3.46411
(202,178) -0.576318
(202,185) -0.579194
(202,197) -0.576337
(202,210) -0.576715
(202,222) -0.579068
(202,228) -0.576473
(203,203) 1.73225
(203,175) 0
(203,190) 0
(203,218) 0
(203,232) 0
(204,204) 3.46473
(204,177) -0.563833
(204,190) -0.588724
(204,192) -0.580111
(204,218) -0.578395
(204,219) -0.589863
(204,235) -0.5638
(205,205) 3.55037
(205,181) -0.415545
(205,188) -0.613675
(205,209) -0.899135
(205,216) -0.591857
(205,230) -0.382189
(205,233) -0.64797
(206,206) 1.73206
(206,179) 0
(206,193) 0
(206,221) 0
(206,236) 0
(207,207) 3.46412
(207,183) -0.581489
(207,189) -0.575033
(207,200) -0.575978
(207,214) -0.576272
(207,225) -0.575058
(207,234) -0.58029
(208,208) 3.46411
(208,180) -0.578596
(208,193) -0.574654
(208,194) -0.578536
(208,221) -0.579261
(208,223) -0.575045
(208,238) -0.578018
(209,209) 3.67071
(209,181) -0.59961
(209,192) -0.790461
(209,205) -0.899135
(209,219) -0.774666
(209,230) -0.606841
(210,210) 3.4641
(210,185) -0.576796
(210,191) -0.578313
(210,202) -0.576715
(210,217) -0.577025
(210,228) -0.578353
(210,237) -0.576902
(211,211) 3.46411
(211,182) -0.580769
(211,194) -0.574667
(211,195) -0.576572
(211,223) -0.577609
(211,224) -0.575023
(211,239) -0.579475
(212,212) 3.46414
(212,184) -0.580196
(212,196) -0.57315
(212,198) -0.581395
(212,226) -0.580298
(212,227) -0.570754
(212,241) -0.578351
(213,213) 3.4641
(213,186) -0.578538
(213,196) -0.578272
(213,199) -0.576402
(213,226) -0.575388
(213,229) -0.577752
(213,242) -0.577752
(214,214) 3.46412
(214,189) -0.581264
(214,195) -0.574924
(214,207) -0.576272
(214,224) -0.576843
(214,234) -0.574935
(214,240) -0.579878
(215,215) 3.4641
(215,187) -0.577718
(215,199) -0.577396
(215,201) -0.577062
(215,229) -0.577032
(215,231) -0.577469
(215,245) -0.577425
(216,216) 3.4645
(216,188) -0.572721
(216,198) -0.572592
(216,205) -0.591857
(216,227) -0.586814
(216,233) -0.564851
(216,244) -0.575663
(217,217) 3.4641
(217,191) -0.577141
(217,201) -0.577734
(217,210) -0.577025
(217,231) -0.577207
(217,237) -0.577822
(217,247) -0.577173
(218,218) 3.46441
(218,190) -0.564059
(218,203) 0
(218,204) -0.578395
(218,232) 0
(218,235) -0.588824
(218,249) -0.5677
(219,219) 3.50948
(219,192) -0.47517
(219,204) -0.589863
(219,209) -0.774666
(219,230) -0.455099
(219,235) -0.583273
(219,248) -0.63141
(220,220) 3.46411
(220,197) -0.579787
(220,200) -0.575418
(220,222) -0.576976
(220,225) -0.576999
(220,243) -0.575701
(220,246) -0.579227
(221,221) 3.46411
(221,193) -0.577108
(221,206) 0
(221,208) -0.579261
(221,236) 0
(221,238) -0.575706
(221,251) -0.576926
(222,222) 3.46411
(222,197) -0.575937
(222,202) -0.579068
(222,220) -0.576976
(222,228) -0.577064
(222,243) -0.578812
(222,250) -0.576248
(223,223) 3.46411
(223,194) -0.579368
(223,208) -0.575045
(223,211) -0.577609
(223,238) -0.578374
(223,239) -0.575322
(223,253) -0.57839
(224,224) 3.46411
(224,195) -0.580515
(224,211) -0.575023
(224,214) -0.576843
(224,239) -0.577513
(224,240) -0.575043
(224,254) -0.579176
(225,225) 3.46411
(225,200) -0.580257
(225,207) -0.575058
(225,220) -0.576999
(225,234) -0.577188
(225,246) -0.575237
(225,252) -0.579373
(226,226) 3.46412
(226,196) -0.578413
(226,212) -0.580298
(226,213) -0.575388
(226,241) -0.573173
(226,242) -0.578795
(226,257) -0.578049
(227,227) 3.46425
(227,198) -0.578239
(227,212) -0.570754
(227,216) -0.586814
(227,241) -0.583662
(227,244) -0.565806
(227,258) -0.578975
(228,228) 3.4641
(228,202) -0.576473
(228,210) -0.578353
(228,222) -0.577064
(228,237) -0.577184
(228,250) -0.578297
(228,256) -0.576732
(229,229) 3.4641
(229,199) -0.577751
(229,213) -0.577752
(229,215) -0.577032
(229,242) -0.576585
(229,245) -0.577508
(229,259) -0.577474
(230,230) 3.41224
(230,205) -0.382189
(230,209) -0.606841
(230,219) -0.455099
(230,233) -0.453453
(230,248) -0.492408
(230,255) -0.631523
(230,263) -0.390731
(231,231) 3.4641
(231,201) -0.577342
(231,215) -0.577469
(231,217) -0.577207
(231,245) -0.577254
(231,247) -0.577526
(231,261) -0.577304
(232,232) 1.73221
(232,203) 0
(232,218) 0
(232,249) 0
(232,264) 0
(233,233) 3.50236
(233,205) -0.64797
(233,216) -0.564851
(233,230) -0.453453
(233,244) -0.595875
(233,255) -0.748399
(233,262) -0.491814
(234,234) 3.46411
(234,207) -0.58029
(234,214) -0.574935
(234,225) -0.577188
(234,240) -0.577527
(234,252) -0.574982
(234,260) -0.57919
(235,235) 3.46456
(235,204) -0.5638
(235,218) -0.588824
(235,219) -0.583273
(235,248) -0.580684
(235,249) -0.571891
(235,265) -0.57609
(236,236) 1.73205
(236,206) 0
(236,221) 0
(236,251) 0
(236,267) 0
(237,237) 3.4641
(237,210) -0.576902
(237,217) -0.577822
(237,228) -0.577184
(237,247) -0.577275
(237,256) -0.577853
(237,266) -0.577066
(238,238) 3.46411
(238,208) -0.578018
(238,221) -0.575706
(238,223) -0.578374
(238,251) -0.578764
(238,253) -0.575795
(238,268) -0.577448
(239,239) 3.46411
(239,211) -0.579475
(239,223) -0.575322
(239,224) -0.577513
(239,253) -0.57809
(239,254) -0.575325
(239,270) -0.578383
(240,240) 3.46411
(240,214) -0.579878
(240,224) -0.575043
(240,234) -0.577527
(240,254) -0.577931
(240,260) -0.57498
(240,272) -0.578751
(241,241) 3.46417
(241,212) -0.578351
(241,226) -0.573173
(241,227) -0.583662
(241,257) -0.580569
(241,258) -0.568915
(241,273) -0.579495
(242,242) 3.4641
(242,213) -0.577752
(242,226) -0.578795
(242,229) -0.576585
(242,257) -0.575351
(242,259) -0.577905
(242,275) -0.577717
(243,243) 3.4641
(243,220) -0.575701
(243,222) -0.578812
(243,246) -0.577548
(243,250) -0.577411
(243,269) -0.57847
(243,271) -0.576163
(244,244) 3.46475
(244,216) -0.575663
(244,227) -0.565806
(244,233) -0.595875
(244,258) -0.588901
(244,262) -0.556701
(244,276) -0.581806
(245,245) 3.4641
(245,215) -0.577425
(245,229) -0.577508
(245,231) -0.577254
(245,259) -0.577114
(245,261) -0.577433
(245,277) -0.577367
(246,246) 3.46411
(246,220) -0.579227
(246,225) -0.575237
(246,243) -0.577548
(246,252) -0.577781
(246,269) -0.575667
(246,274) -0.578646
(247,247) 3.4641
(247,217) -0.577173
(247,231) -0.577526
(247,237) -0.577275
(247,261) -0.577317
(247,266) -0.577565
(247,279) -0.577246
(248,248) 3.47551
(248,219) -0.63141
(248,230) -0.492408
(248,235) -0.580684
(248,263) -0.657502
(248,265) -0.555944
(248,280) -0.557558
(249,249) 3.46439
(249,218) -0.5677
(249,232) 0
(249,235) -0.571891
(249,264) 0
(249,265) -0.591814
(249,282) -0.571081
(250,250) 3.4641
(250,222) -0.576248
(250,228) -0.578297
(250,243) -0.577411
(250,256) -0.577353
(250,271) -0.578154
(250,278) -0.57664
(251,251) 3.4641
(251,221) -0.576926
(251,236) 0
(251,238) -0.578764
(251,267) 0
(251,268) -0.576368
(251,284) -0.576776
(252,252) 3.46411
(252,225) -0.579373
(252,234) -0.574982
(252,246) -0.577781
(252,260) -0.578082
(252,274) -0.57529
(252,281) -0.578601
(253,253) 3.46411
(253,223) -0.57839
(253,238) -0.575795
(253,239) -0.57809
(253,268) -0.578444
(253,270) -0.575734
(253,285) -0.577652
(254,254) 3.46411
(254,224) -0.579176
(254,239) -0.575325
(254,240) -0.577931
(254,270) -0.57828
(254,272) -0.575191
(254,287) -0.578204
(255,255) 3.66416
(255,230) -0.631523
(255,233) -0.748399
(255,262) -0.802815
(255,263) -0.874087
(255,283) -0.607334
(256,256) 3.4641
(256,228) -0.576732
(256,237) -0.577853
(256,250) -0.577353
(256,266) -0.577341
(256,278) -0.577825
(256,286) -0.576998
(257,257) 3.46412
(257,226) -0.578049
(257,241) -0.580569
(257,242) -0.575351
(257,273) -0.572755
(257,275) -0.578698
(257,288) -0.578697
(258,258) 3.46437
(258,227) -0.578975
(258,241) -0.568915
(258,244) -0.588901
(258,273) -0.582636
(258,276) -0.56077
(258,289) -0.58417
(259,259) 3.4641
(259,229) -0.577474
(259,242) -0.577905
(259,245) -0.577114
(259,275) -0.576589
(259,277) -0.577526
(259,291) -0.577494
(260,260) 3.46411
(260,234) -0.57919
(260,240) -0.57498
(260,252) -0.578082
(260,272) -0.578382
(260,281) -0.575124
(260,290) -0.578351
(261,261) 3.4641
(261,231) -0.577304
(261,245) -0.577433
(261,247) -0.577317
(261,277) -0.577292
(261,279) -0.577428
(261,292) -0.577327
(262,262) 3.51974
(262,233) -0.491814
(262,244) -0.556701
(262,255) -0.802815
(262,276) -0.598919
(262,283) -0.413704
(262,293) -0.655787
(263,263) 3.543
(263,230) -0.390731
(263,248) -0.657502
(263,255) -0.874087
(263,280) -0.565556
(263,283) -0.424657
(263,295) -0.630468
(264,264) 1.73219
(264,232) 0
(264,249) 0
(264,282) 0
(264,299) 0
(265,265) 3.46491
(265,235) -0.57609
(265,248) -0.555944
(265,249) -0.591814
(265,280) -0.605956
(265,282) -0.566419
(265,297) -0.56869
(266,266) 3.4641
(266,237) -0.577066
(266,247) -0.577565
(266,256) -0.577341
(266,279) -0.577343
(266,286) -0.577578
(266,298) -0.577209
(267,267) 1.73205
(267,236) 0
(267,251) 0
(267,284) 0
(267,301) 0
(268,268) 3.4641
(268,238) -0.577448
(268,251) -0.576368
(268,253) -0.578444
(268,284) -0.57855
(268,285) -0.576217
(268,302) -0.577077
(269,269) 3.4641
(269,243) -0.57847
(269,246) -0.575667
(269,271) -0.577681
(269,274) -0.577942
(269,294) -0.576235
(269,296) -0.57811
(270,270) 3.46411
(270,239) -0.578383
(270,253) -0.575734
(270,254) -0.57828
(270,285) -0.578489
(270,287) -0.575545
(270,303) -0.577674
(271,271) 3.4641
(271,243) -0.576163
(271,250) -0.578154
(271,269) -0.577681
(271,278) -0.577504
(271,294) -0.577954
(271,300) -0.576647
(272,272) 3.46411
(272,240) -0.578751
(272,254) -0.575191
(272,260) -0.578382
(272,287) -0.578606
(272,290) -0.575183
(272,305) -0.577993
(273,273) 3.46417
(273,241) -0.579495
(273,257) -0.572755
(273,258) -0.582636
(273,288) -0.579593
(273,289) -0.568245
(273,306) -0.58145
(274,274) 3.46411
(274,246) -0.578646
(274,252) -0.57529
(274,269) -0.577942
(274,281) -0.578254
(274,296) -0.575837
(274,304) -0.578137
(275,275) 3.4641
(275,242) -0.577717
(275,257) -0.578698
(275,259) -0.576589
(275,288) -0.575329
(275,291) -0.577806
(275,307) -0.577965
(276,276) 3.46544
(276,244) -0.581806
(276,258) -0.56077
(276,262) -0.598919
(276,289) -0.582713
(276,293) -0.542843
(276,309) -0.598393
(277,277) 3.4641
(277,245) -0.577367
(277,259) -0.577526
(277,261) -0.577292
(277,291) -0.577124
(277,292) -0.577404
(277,310) -0.577388
(278,278) 3.4641
(278,250) -0.57664
(278,256) -0.577825
(278,271) -0.577504
(278,286) -0.577409
(278,300) -0.577744
(278,308) -0.576979
(279,279) 3.4641
(279,247) -0.577246
(279,261) -0.577428
(279,266) -0.577343
(279,292) -0.57734
(279,298) -0.577437
(279,311) -0.577307
(280,280) 3.46551
(280,248) -0.557558
(280,263) -0.565556
(280,265) -0.605956
(280,295) -0.608767
(280,297) -0.563077
(280,313) -0.564596
(281,281) 3.46411
(281,252) -0.578601
(281,260) -0.575124
(281,274) -0.578254
(281,290) -0.578551
(281,304) -0.575558
(281,312) -0.57802
(282,282) 3.46444
(282,249) -0.571081
(282,264) 0
(282,265) -0.566419
(282,297) -0.594853
(282,299) 0
(282,316) -0.5725
(283,283) 3.40573
(283,255) -0.607334
(283,262) -0.413704
(283,263) -0.424657
(283,293) -0.507851
(283,295) -0.427669
(283,314) -0.428945
(283,315) -0.595573
(284,284) 3.4641
(284,251) -0.576776
(284,267) 0
(284,268) -0.57855
(284,301) 0
(284,302) -0.57669
(284,318) -0.576723
(285,285) 3.4641
(285,253) -0.577652
(285,268) -0.576217
(285,270) -0.578489
(285,302) -0.578539
(285,303) -0.575974
(285,319) -0.577233
(286,286) 3.4641
(286,256) -0.576998
(286,266) -0.577578
(286,278) -0.577409
(286,298) -0.577368
(286,308) -0.577559
(286,317) -0.577191
(287,287) 3.46411
(287,254) -0.578204
(287,270) -0.575545
(287,272) -0.578606
(287,303) -0.578706
(287,305) -0.575415
(287,321) -0.57763
(288,288) 3.46412
(288,257) -0.578697
(288,273) -0.579593
(288,275) -0.575329
(288,306) -0.572981
(288,307) -0.578198
(288,323) -0.579321
(289,289) 3.46433
(289,258) -0.58417
(289,273) -0.568245
(289,276) -0.582713
(289,306) -0.579539
(289,309) -0.562405
(289,324) -0.587261
(290,290) 3.46411
(290,260) -0.578351
(290,272) -0.575183
(290,281) -0.578551
(290,305) -0.57876
(290,312) -0.575456
(290,325) -0.577807
(291,291) 3.4641
(291,259) -0.577494
(291,275) -0.577806
(291,277) -0.577124
(291,307) -0.576635
(291,310) -0.577476
(291,326) -0.577565
(292,292) 3.4641
(292,261) -0.577327
(292,277) -0.577404
(292,279) -0.57734
(292,310) -0.577301
(292,311) -0.577381
(292,328) -0.577349
(293,293) 3.47332
(293,262) -0.655787
(293,276) -0.542843
(293,283) -0.507851
(293,309) -0.569158
(293,314) -0.60884
(293,329) -0.588837
(294,294) 3.4641
(294,269) -0.576235
(294,271) -0.577954
(294,296) -0.577823
(294,300) -0.577601
(294,320) -0.577744
(294,322) -0.576745
(295,295) 3.51566
(295,263) -0.630468
(295,280) -0.608767
(295,283) -0.427669
(295,313) -0.561375
(295,315) -0.806806
(295,331) -0.480574
(296,296) 3.4641
(296,269) -0.57811
(296,274) -0.575837
(296,294) -0.577823
(296,304) -0.578106
(296,320) -0.576432
(296,327) -0.577796
(297,297) 3.46468
(297,265) -0.56869
(297,280) -0.563077
(297,282) -0.594853
(297,313) -0.600385
(297,316) -0.565618
(297,333) -0.572051
(298,298) 3.4641
(298,266) -0.577209
(298,279) -0.577437
(298,286) -0.577368
(298,311) -0.577354
(298,317) -0.577438
(298,332) -0.577296
(299,299) 1.73218
(299,264) 0
(299,282) 0
(299,316) 0
(299,334) 0
(300,300) 3.4641
(300,271) -0.576647
(300,278) -0.577744
(300,294) -0.577601
(300,308) -0.577461
(300,322) -0.577634
(300,330) -0.577014
(301,301) 1.73205
(301,267) 0
(301,284) 0
(301,318) 0
(301,336) 0
(302,302) 3.4641
(302,268) -0.577077
(302,284) -0.57669
(302,285) -0.578539
(302,318) -0.578462
(302,319) -0.57642
(302,337) -0.576916
(303,303) 3.46411
(303,270) -0.577674
(303,285) -0.575974
(303,287) -0.578706
(303,319) -0.578678
(303,321) -0.575755
(303,338) -0.577319
(304,304) 3.4641
(304,274) -0.578137
(304,281) -0.575558
(304,296) -0.578106
(304,312) -0.578396
(304,327) -0.576147
(304,335) -0.57776
(305,305) 3.46411
(305,272) -0.577993
(305,287) -0.575415
(305,290) -0.57876
(305,321) -0.578838
(305,325) -0.575525
(305,340) -0.577575
(306,306) 3.46416
(306,273) -0.58145
(306,288) -0.572981
(306,289) -0.579539
(306,323) -0.578305
(306,324) -0.569699
(306,341) -0.582186
(307,307) 3.4641
(307,275) -0.577965
(307,288) -0.578198
(307,291) -0.576635
(307,323) -0.57557
(307,326) -0.577625
(307,343) -0.578111
(308,308) 3.4641
(308,278) -0.576979
(308,286) -0.577559
(308,300) -0.577461
(308,317) -0.57739
(308,330) -0.577515
(308,339) -0.577197
(309,309) 3.46472
(309,276) -0.598393
(309,289) -0.562405
(309,293) -0.569158
(309,324) -0.576299
(309,329) -0.56573
(309,344) -0.592733
(310,310) 3.4641
(310,277) -0.577388
(310,291) -0.577476
(310,292) -0.577301
(310,326) -0.577152
(310,328) -0.577381
(310,345) -0.577404
(311,311) 3.4641
(311,279) -0.577307
(311,292) -0.577381
(311,298) -0.577354
(311,328) -0.577344
(311,332) -0.577379
(311,347) -0.577338
(312,312) 3.46411
(312,281) -0.57802
(312,290) -0.575456
(312,304) -0.578396
(312,325) -0.578624
(312,335) -0.575958
(312,346) -0.577651
(313,313) 3.46515
(313,280) -0.564596
(313,295) -0.561375
(313,297) -0.600385
(313,331) -0.604801
(313,333) -0.561974
(313,350) -0.572021
(314,314) 3.54713
(314,283) -0.428945
(314,293) -0.60884
(314,315) -0.884187
(314,329) -0.584056
(314,342) -0.382558
(314,349) -0.658547
(315,315) 3.66692
(315,283) -0.595573
(315,295) -0.806806
(315,314) -0.884187
(315,331) -0.747928
(315,342) -0.632425
(316,316) 3.46441
(316,282) -0.5725
(316,297) -0.565618
(316,299) 0
(316,333) -0.592982
(316,334) 0
(316,352) -0.575742
(317,317) 3.4641
(317,286) -0.577191
(317,298) -0.577438
(317,308) -0.57739
(317,332) -0.577361
(317,339) -0.577427
(317,353) -0.577295
(318,318) 3.4641
(318,284) -0.576723
(318,301) 0
(318,302) -0.578462
(318,336) 0
(318,337) -0.576806
(318,355) -0.576749
(319,319) 3.4641
(319,285) -0.577233
(319,302) -0.57642
(319,303) -0.578678
(319,337) -0.578558
(319,338) -0.576147
(319,356) -0.577069
(320,320) 3.4641
(320,294) -0.577744
(320,296) -0.576432
(320,322) -0.577628
(320,327) -0.577833
(320,348) -0.576897
(320,351) -0.577569
(321,321) 3.46411
(321,287) -0.57763
(321,303) -0.575755
(321,305) -0.578838
(321,338) -0.578788
(321,340) -0.575723
(321,357) -0.577372
(322,322) 3.4641
(322,294) -0.576745
(322,300) -0.577634
(322,320) -0.577628
(322,330) -0.577484
(322,348) -0.577525
(322,354) -0.577086
(323,323) 3.46411
(323,288) -0.579321
(323,306) -0.578305
(323,307) -0.57557
(323,341) -0.573815
(323,343) -0.577729
(323,359) -0.579373
(324,324) 3.46427
(324,289) -0.587261
(324,306) -0.569699
(324,309) -0.576299
