(0,0) 0.000642685
(0,1) 0.000135888
(0,2) 0.000128454
(0,3) 0.000127789
(0,4) 0.000125401
(0,5) 0.000125153
(1,1) 0.000271776
(1,0) 0.000135888
(1,2) 6.81521e-05
(1,3) 6.77357e-05
(2,2) 0.000425616
(2,0) 0.000128454
(2,1) 6.81521e-05
(2,4) 0.000144656
(2,6) 8.43539e-05
(3,3) 0.000421772
(3,0) 0.000127789
(3,1) 6.77357e-05
(3,5) 0.00014315
(3,7) 8.30971e-05
(4,4) 0.000997062
(4,0) 0.000125401
(4,2) 0.000144656
(4,5) 0.000160763
(4,6) 0.000172829
(4,8) 0.000200301
(4,9) 0.000193112
(5,5) 0.000987294
(5,0) 0.000125153
(5,3) 0.00014315
(5,4) 0.000160763
(5,7) 0.000169841
(5,8) 0.000198654
(5,10) 0.000189734
(6,6) 0.000531583
(6,2) 8.43539e-05
(6,4) 0.000172829
(6,9) 0.000181438
(6,11) 9.29629e-05
(7,7) 0.000520013
(7,3) 8.30971e-05
(7,5) 0.000169841
(7,10) 0.000176909
(7,12) 9.01659e-05
(8,8) 0.00137631
(8,4) 0.000200301
(8,5) 0.000198654
(8,9) 0.000212686
(8,10) 0.000207025
(8,13) 0.00019542
(8,14) 0.000189445
(8,16) 0.000172781
(9,9) 0.0011715
(9,4) 0.000193112
(9,6) 0.000181438
(9,8) 0.000212686
(9,11) 0.000188147
(9,13) 0.000204493
(9,15) 0.000191629
(10,10) 0.00113378
(10,5) 0.000189734
(10,7) 0.000176909
(10,8) 0.000207025
(10,12) 0.000182061
(10,14) 0.000195096
(10,17) 0.000182957
(11,11) 0.000562917
(11,6) 9.29629e-05
(11,9) 0.000188147
(11,15) 0.000188496
(11,18) 9.33114e-05
(12,12) 0.000543142
(12,7) 9.01659e-05
(12,10) 0.000182061
(12,17) 0.000181405
(12,20) 8.951e-05
(13,13) 0.00115499
(13,8) 0.00019542
(13,9) 0.000204493
(13,15) 0.000191983
(13,16) 0.000171962
(13,19) 0.000201039
(13,21) 0.000190092
(14,14) 0.00106521
(14,8) 0.000189445
(14,10) 0.000195096
(14,16) 0.000158602
(14,17) 0.000181383
(14,22) 0.000161777
(14,23) 0.000178907
(15,15) 0.00113714
(15,9) 0.000191629
(15,11) 0.000188496
(15,13) 0.000191983
(15,18) 0.000186746
(15,19) 0.000190195
(15,24) 0.000188092
(16,16) 0.000826996
(16,8) 0.000172781
(16,13) 0.000171962
(16,14) 0.000158602
(16,21) 0.000167525
(16,22) 0.000156125
(17,17) 0.00108602
(17,10) 0.000182957
(17,12) 0.000181405
(17,14) 0.000181383
(17,20) 0.000179726
(17,23) 0.000180328
(17,25) 0.000180223
(18,18) 0.000558691
(18,11) 9.33114e-05
(18,15) 0.000186746
(18,24) 0.000186034
(18,27) 9.25991e-05
(19,19) 0.00115239
(19,13) 0.000201039
(19,15) 0.000190195
(19,21) 0.000204378
(19,24) 0.000187131
(19,26) 0.000188024
(19,28) 0.00018162
(20,20) 0.000537737
(20,12) 8.951e-05
(20,17) 0.000179726
(20,25) 0.000179359
(20,30) 8.91424e-05
(21,21) 0.00125108
(21,13) 0.000190092
(21,16) 0.000167525
(21,19) 0.000204378
(21,22) 0.00018184
(21,26) 0.000175367
(21,29) 0.00017715
(21,32) 0.000154733
(22,22) 0.00105352
(22,14) 0.000161777
(22,16) 0.000156125
(22,21) 0.00018184
(22,23) 0.000180501
(22,29) 0.000190136
(22,31) 0.000183145
(23,23) 0.00108653
(23,14) 0.000178907
(23,17) 0.000180328
(23,22) 0.000180501
(23,25) 0.000180444
(23,31) 0.000183915
(23,33) 0.000182437
(24,24) 0.00111233
(24,15) 0.000188092
(24,18) 0.000186034
(24,19) 0.000187131
(24,27) 0.000184458
(24,28) 0.000183615
(24,34) 0.000182999
(25,25) 0.00107714
(25,17) 0.000180223
(25,20) 0.000179359
(25,23) 0.000180444
(25,30) 0.000178523
(25,33) 0.000179822
(25,36) 0.000178766
(26,26) 0.000991522
(26,19) 0.000188024
(26,21) 0.000175367
(26,28) 0.000174827
(26,32) 0.00014112
(26,35) 0.000166617
(26,37) 0.000145567
(27,27) 0.000552574
(27,18) 9.25991e-05
(27,24) 0.000184458
(27,34) 0.000183688
(27,39) 9.18293e-05
(28,28) 0.0010728
(28,19) 0.00018162
(28,24) 0.000183615
(28,26) 0.000174827
(28,34) 0.000181063
(28,35) 0.000173717
(28,41) 0.000177959
(29,29) 0.00109419
(29,21) 0.00017715
(29,22) 0.000190136
(29,31) 0.000198966
(29,32) 0.000146833
(29,38) 0.000210125
(29,40) 0.000170979
(30,30) 0.000534431
(30,20) 8.91424e-05
(30,25) 0.000178523
(30,36) 0.000178073
(30,43) 8.8692e-05
(31,31) 0.00115876
(31,22) 0.000183145
(31,23) 0.000183915
(31,29) 0.000198966
(31,33) 0.000183527
(31,38) 0.000212709
(31,42) 0.000196501
(32,32) 0.000708147
(32,21) 0.000154733
(32,26) 0.00014112
(32,29) 0.000146833
(32,37) 0.00013075
(32,40) 0.000134709
(33,33) 0.00108127
(33,23) 0.000182437
(33,25) 0.000179822
(33,31) 0.000183527
(33,36) 0.000178278
(33,42) 0.000179922
(33,44) 0.000177288
(34,34) 0.00109371
(34,24) 0.000182999
(34,27) 0.000183688
(34,28) 0.000181063
(34,39) 0.00018317
(34,41) 0.000180687
(34,46) 0.000182106
(35,35) 0.00102191
(35,26) 0.000166617
(35,28) 0.000173717
(35,37) 0.000163059
(35,41) 0.000175786
(35,45) 0.000168552
(35,47) 0.000174178
(36,36) 0.00106552
(36,25) 0.000178766
(36,30) 0.000178073
(36,33) 0.000178278
(36,43) 0.000177146
(36,44) 0.000176849
(36,50) 0.000176409
(37,37) 0.000917126
(37,26) 0.000145567
(37,32) 0.00013075
(37,35) 0.000163059
(37,40) 0.000147996
(37,45) 0.000165
(37,48) 0.000164753
(38,38) 0.00140427
(38,29) 0.000210125
(38,31) 0.000212709
(38,40) 0.000207496
(38,42) 0.00019057
(38,49) 0.000214204
(38,51) 0.000172833
(38,55) 0.000196334
(39,39) 0.000550249
(39,27) 9.18293e-05
(39,34) 0.00018317
(39,46) 0.000183295
(39,52) 9.19542e-05
(40,40) 0.00102688
(40,29) 0.000170979
(40,32) 0.000134709
(40,37) 0.000147996
(40,38) 0.000207496
(40,48) 0.000171236
(40,49) 0.000194467
(41,41) 0.00107447
(41,28) 0.000177959
(41,34) 0.000180687
(41,35) 0.000175786
(41,46) 0.000181608
(41,47) 0.000177669
(41,54) 0.000180763
(42,42) 0.00105659
(42,31) 0.000196501
(42,33) 0.000179922
(42,38) 0.00019057
(42,44) 0.000174745
(42,51) 0.000157051
(42,53) 0.000157805
(43,43) 0.000530924
(43,30) 8.8692e-05
(43,36) 0.000177146
(43,50) 0.00017677
(43,57) 8.83158e-05
(44,44) 0.00104893
(44,33) 0.000177288
(44,36) 0.000176849
(44,42) 0.000174745
(44,50) 0.000175102
(44,53) 0.000172073
(44,59) 0.000172869
(45,45) 0.00102558
(45,35) 0.000168552
(45,37) 0.000165
(45,47) 0.000173906
(45,48) 0.00016949
(45,56) 0.000174749
(45,58) 0.000173885
(46,46) 0.0010986
(46,34) 0.000182106
(46,39) 0.000183295
(46,41) 0.000181608
(46,52) 0.000184282
(46,54) 0.00018291
(46,61) 0.000184394
(47,47) 0.00106375
(47,35) 0.000174178
(47,41) 0.000177669
(47,45) 0.000173906
(47,54) 0.000180684
(47,56) 0.000177015
(47,62) 0.000180302
(48,48) 0.00104121
(48,37) 0.000164753
(48,40) 0.000171236
(48,45) 0.00016949
(48,49) 0.000180757
(48,58) 0.000175093
(48,60) 0.000179877
(49,49) 0.00116929
(49,38) 0.000214204
(49,40) 0.000194467
(49,48) 0.000180757
(49,55) 0.000204888
(49,60) 0.000185292
(49,63) 0.000189685
(50,50) 0.0010541
(50,36) 0.000176409
(50,43) 0.00017677
(50,44) 0.000175102
(50,57) 0.000176275
(50,59) 0.000174367
(50,65) 0.000175179
(51,51) 0.000821595
(51,38) 0.000172833
(51,42) 0.000157051
(51,53) 0.000153226
(51,55) 0.000171975
(51,64) 0.00016651
(52,52) 0.000554252
(52,39) 9.19542e-05
(52,46) 0.000184282
(52,61) 0.000185172
(52,67) 9.28441e-05
(53,53) 0.0010086
(53,42) 0.000157805
(53,44) 0.000172073
(53,51) 0.000153226
(53,59) 0.000170214
(53,64) 0.00017628
(53,66) 0.000179
(54,54) 0.00110014
(54,41) 0.000180763
(54,46) 0.00018291
(54,47) 0.000180684
(54,61) 0.000185675
(54,62) 0.000183634
(54,69) 0.000186478
(55,55) 0.00115764
(55,38) 0.000196334
(55,49) 0.000204888
(55,51) 0.000171975
(55,63) 0.000191768
(55,64) 0.00019072
(55,71) 0.000201959
(56,56) 0.00105965
(56,45) 0.000174749
(56,47) 0.000177015
(56,58) 0.000175146
(56,62) 0.000179161
(56,68) 0.000175914
(56,72) 0.000177662
(57,57) 0.000529288
(57,43) 8.83158e-05
(57,50) 0.000176275
(57,65) 0.000176328
(57,73) 8.83696e-05
(58,58) 0.00105448
(58,45) 0.000173885
(58,48) 0.000175093
(58,56) 0.000175146
(58,60) 0.000177566
(58,68) 0.000175788
(58,70) 0.000177
(59,59) 0.00103327
(59,44) 0.000172869
(59,50) 0.000174367
(59,53) 0.000170214
(59,65) 0.000174049
(59,66) 0.000169718
(59,75) 0.000172056
(60,60) 0.00108891
(60,48) 0.000179877
(60,49) 0.000185292
(60,58) 0.000177566
(60,63) 0.000185584
(60,70) 0.000178994
(60,74) 0.000181597
(61,61) 0.00111996
(61,46) 0.000184394
(61,52) 0.000185172
(61,54) 0.000185675
(61,67) 0.000187228
(61,69) 0.000188359
(61,76) 0.000189134
(62,62) 0.00110238
(62,47) 0.000180302
(62,54) 0.000183634
(62,56) 0.000179161
(62,69) 0.000188587
(62,72) 0.000182303
(62,78) 0.000188398
(63,63) 0.00112762
(63,49) 0.000189685
(63,55) 0.000191768
(63,60) 0.000185584
(63,71) 0.000190408
(63,74) 0.000183717
(63,79) 0.000186459
(64,64) 0.00126697
(64,51) 0.00016651
(64,53) 0.00017628
(64,55) 0.00019072
(64,66) 0.000174775
(64,71) 0.000210073
(64,77) 0.000162391
(64,80) 0.000186217
(65,65) 0.00105288
(65,50) 0.000175179
(65,57) 0.000176328
(65,59) 0.000174049
(65,73) 0.000176711
(65,75) 0.000174552
(65,81) 0.000176064
(66,66) 0.000997902
(66,53) 0.000179
(66,59) 0.000169718
(66,64) 0.000174775
(66,75) 0.000170087
(66,77) 0.000149863
(66,84) 0.000154458
(67,67) 0.000562751
(67,52) 9.28441e-05
(67,61) 0.000187228
(67,76) 0.000188532
(67,85) 9.41477e-05
(68,68) 0.00104688
(68,56) 0.000175914
(68,58) 0.000175788
(68,70) 0.000175466
(68,72) 0.000174438
(68,82) 0.000173213
(68,83) 0.00017206
(69,69) 0.0011492
(69,54) 0.000186478
(69,61) 0.000188359
(69,62) 0.000188587
(69,76) 0.00019343
(69,78) 0.00019469
(69,87) 0.000197653
(70,70) 0.00106325
(70,58) 0.000177
(70,60) 0.000178994
(70,68) 0.000175466
(70,74) 0.000179263
(70,82) 0.000175364
(70,86) 0.000177167
(71,71) 0.00117368
(71,55) 0.000201959
(71,63) 0.000190408
(71,64) 0.000210073
(71,79) 0.000187705
(71,80) 0.000197178
(71,88) 0.00018636
(72,72) 0.00106237
(72,56) 0.000177662
(72,62) 0.000182303
(72,68) 0.000174438
(72,78) 0.000182199
(72,83) 0.000171322
(72,89) 0.000174442
(73,73) 0.000531252
(73,57) 8.83696e-05
(73,65) 0.000176711
(73,81) 0.000177256
(73,91) 8.89147e-05
(74,74) 0.00108683
(74,60) 0.000181597
(74,63) 0.000183717
(74,70) 0.000179263
(74,79) 0.000182862
(74,86) 0.000178955
(74,90) 0.000180433
(75,75) 0.00104035
(75,59) 0.000172056
(75,65) 0.000174552
(75,66) 0.000170087
(75,81) 0.00017605
(75,84) 0.00017207
(75,92) 0.000175538
(76,76) 0.0011533
(76,61) 0.000189134
(76,67) 0.000188532
(76,69) 0.00019343
(76,85) 0.000190122
(76,87) 0.000197394
(76,94) 0.000194689
(77,77) 0.000789239
(77,64) 0.000162391
(77,66) 0.000149863
(77,80) 0.000163771
(77,84) 0.000150582
(77,93) 0.000162631
(78,78) 0.00118632
(78,62) 0.000188398
(78,69) 0.00019469
(78,72) 0.000182199
(78,87) 0.000212377
(78,89) 0.000192387
(78,95) 0.000216272
(79,79) 0.00110373
(79,63) 0.000186459
(79,71) 0.000187705
(79,74) 0.000182862
(79,88) 0.000184099
(79,90) 0.000181306
(79,97) 0.000181297
(80,80) 0.00109694
(80,64) 0.000186217
(80,71) 0.000197178
(80,77) 0.000163771
(80,88) 0.00018226
(80,93) 0.000179994
(80,99) 0.000187522
(81,81) 0.00106417
(81,65) 0.000176064
(81,73) 0.000177256
(81,75) 0.00017605
(81,91) 0.000178311
(81,92) 0.00017771
(81,100) 0.000178778
(82,82) 0.00103692
(82,68) 0.000173213
(82,70) 0.000175364
(82,83) 0.000170096
(82,86) 0.000175392
(82,96) 0.000169855
(82,98) 0.000173
(83,83) 0.00100008
(83,68) 0.00017206
(83,72) 0.000171322
(83,82) 0.000170096
(83,89) 0.000163998
(83,96) 0.000163984
(83,101) 0.000158624
(84,84) 0.00102618
(84,66) 0.000154458
(84,75) 0.00017207
(84,77) 0.000150582
(84,92) 0.000177309
(84,93) 0.000181322
(84,102) 0.000190437
(85,85) 0.000569128
(85,67) 9.41477e-05
(85,76) 0.000190122
(85,94) 0.000190416
(85,104) 9.44417e-05
(86,86) 0.0010635
(86,70) 0.000177167
(86,74) 0.000178955
(86,82) 0.000175392
(86,90) 0.000178883
(86,98) 0.000175699
(86,103) 0.000177403
(87,87) 0.00125012
(87,69) 0.000197653
(87,76) 0.000197394
(87,78) 0.000212377
(87,94) 0.000199492
(87,95) 0.000227917
(87,105) 0.00021529
(88,88) 0.00108809
(88,71) 0.00018636
(88,79) 0.000184099
(88,80) 0.00018226
(88,97) 0.000180322
(88,99) 0.000177362
(88,107) 0.000177684
(89,89) 0.000991787
(89,72) 0.000174442
(89,78) 0.000192387
(89,83) 0.000163998
(89,95) 0.000179545
(89,101) 0.000141906
(89,106) 0.000139509
(90,90) 0.00107887
(90,74) 0.000180433
(90,79) 0.000181306
(90,86) 0.000178883
(90,97) 0.000180347
(90,103) 0.000178654
(90,108) 0.000179246
(91,91) 0.000535892
(91,73) 8.89147e-05
(91,81) 0.000178311
(91,100) 0.000179031
(91,109) 8.96351e-05
(92,92) 0.00107554
(92,75) 0.000175538
(92,81) 0.00017771
(92,84) 0.000177309
(92,100) 0.000179988
(92,102) 0.000182245
(92,110) 0.000182751
(93,93) 0.00125756
(93,77) 0.000162631
(93,80) 0.000179994
(93,84) 0.000181322
(93,99) 0.00017929
(93,102) 0.000204237
(93,111) 0.000163564
(93,113) 0.000186522
(94,94) 0.00116364
(94,76) 0.000194689
(94,85) 0.000190416
(94,87) 0.000199492
(94,104) 0.000189201
(94,105) 0.000197928
(94,115) 0.00019191
(95,95) 0.00138991
(95,78) 0.000216272
(95,87) 0.000227917
(95,89) 0.000179545
(95,105) 0.000224678
(95,106) 0.000153425
(95,116) 0.000210744
(95,118) 0.000177326
(96,96) 0.000997189
(96,82) 0.000169855
(96,83) 0.000163984
(96,98) 0.000171222
(96,101) 0.000159233
(96,112) 0.000169506
(96,114) 0.000163389
(97,97) 0.0010791
(97,79) 0.000181297
(97,88) 0.000180322
(97,90) 0.000180347
(97,107) 0.000178825
(97,108) 0.00017943
(97,119) 0.000178883
(98,98) 0.001045
(98,82) 0.000173
(98,86) 0.000175699
(98,96) 0.000171222
(98,103) 0.000176481
(98,112) 0.00017302
(98,117) 0.000175579
(99,99) 0.00102714
(99,80) 0.000187522
(99,88) 0.000177362
(99,93) 0.00017929
(99,107) 0.000174378
(99,111) 0.000151671
(99,120) 0.00015692
(100,100) 0.0010803
(100,81) 0.000178778
(100,91) 0.000179031
(100,92) 0.000179988
(100,109) 0.000180036
(100,110) 0.000181334
(100,122) 0.000181129
(101,101) 0.000878441
(101,83) 0.000158624
(101,89) 0.000141906
(101,96) 0.000159233
(101,106) 0.000124859
(101,114) 0.000155737
(101,121) 0.000138081
(102,102) 0.00114787
(102,84) 0.000190437
(102,92) 0.000182245
(102,93) 0.000204237
(102,110) 0.000185935
(102,113) 0.000197564
(102,124) 0.000187454
(103,103) 0.00106681
(103,86) 0.000177403
(103,90) 0.000178654
(103,98) 0.000176481
(103,108) 0.00017879
(103,117) 0.00017721
(103,123) 0.000178267
(104,104) 0.000563749
(104,85) 9.44417e-05
(104,94) 0.000189201
(104,115) 0.000187433
(104,125) 9.2673e-05
(105,105) 0.00122182
(105,87) 0.00021529
(105,94) 0.000197928
(105,95) 0.000224678
(105,115) 0.000191659
(105,116) 0.00020396
(105,126) 0.000188303
(106,106) 0.000683343
(106,89) 0.000139509
(106,95) 0.000153425
(106,101) 0.000124859
(106,118) 0.000140135
(106,121) 0.000125415
(107,107) 0.00106028
(107,88) 0.000177684
(107,97) 0.000178825
(107,99) 0.000174378
(107,119) 0.00017828
(107,120) 0.000174176
(107,129) 0.000176937
(108,108) 0.00107475
(108,90) 0.000179246
(108,97) 0.00017943
(108,103) 0.00017879
(108,119) 0.00017922
(108,123) 0.000178911
(108,130) 0.000179158
(109,109) 0.000540367
(109,91) 8.96351e-05
(109,100) 0.000180036
(109,122) 0.000180548
(109,132) 9.0147e-05
(110,110) 0.00110231
(110,92) 0.000182751
(110,100) 0.000181334
(110,102) 0.000185935
(110,122) 0.000182485
(110,124) 0.000185919
(110,133) 0.000183886
(111,111) 0.000795653
(111,93) 0.000163564
(111,99) 0.000151671
(111,113) 0.000164903
(111,120) 0.000151981
(111,127) 0.000163534
(112,112) 0.00103674
(112,96) 0.000169506
(112,98) 0.00017302
(112,114) 0.000169516
(112,117) 0.000175347
(112,128) 0.000173514
(112,131) 0.000175832
(113,113) 0.00111388
(113,93) 0.000186522
(113,102) 0.000197564
(113,111) 0.000164903
(113,124) 0.000186708
(113,127) 0.000183711
(113,136) 0.000194472
(114,114) 0.000986137
(114,96) 0.000163389
(114,101) 0.000155737
(114,112) 0.000169516
(114,121) 0.00015784
(114,128) 0.00017184
(114,135) 0.000167815
(115,115) 0.00112134
(115,94) 0.00019191
(115,104) 0.000187433
(115,105) 0.000191659
(115,125) 0.000183869
(115,126) 0.000184894
(115,138) 0.000181581
(116,116) 0.00111647
(116,95) 0.000210744
(116,105) 0.00020396
(116,118) 0.000186404
(116,126) 0.000179193
(116,134) 0.000168297
(116,140) 0.000167871
(117,117) 0.00106135
(117,98) 0.000175579
(117,103) 0.00017721
(117,112) 0.000175347
(117,123) 0.0001781
(117,131) 0.000176998
(117,139) 0.00017812
(118,118) 0.000989237
(118,95) 0.000177326
(118,106) 0.000140135
(118,116) 0.000186404
(118,121) 0.000145719
(118,134) 0.000171573
(118,137) 0.00016808
(119,119) 0.00107349
(119,97) 0.000178883
(119,107) 0.00017828
(119,108) 0.00017922
(119,129) 0.000178601
(119,130) 0.000179263
(119,142) 0.000179246
(120,120) 0.00103009
(120,99) 0.00015692
(120,107) 0.000174176
(120,111) 0.000151981
(120,127) 0.000180915
(120,129) 0.00017721
(120,141) 0.000188888
(121,121) 0.000901246
(121,101) 0.000138081
(121,106) 0.000125415
(121,114) 0.00015784
(121,118) 0.000145719
(121,135) 0.000166823
(121,137) 0.000167368
(122,122) 0.00108982
(122,100) 0.000181129
(122,109) 0.000180548
(122,110) 0.000182485
(122,132) 0.000180988
(122,133) 0.000182794
(122,144) 0.000181878
(123,123) 0.00107246
(123,103) 0.000178267
(123,108) 0.000178911
(123,117) 0.0001781
(123,130) 0.000179206
(123,139) 0.000178755
(123,143) 0.000179218
(124,124) 0.00111877
(124,102) 0.000187454
(124,110) 0.000185919
(124,113) 0.000186708
(124,133) 0.00018576
(124,136) 0.000186172
(124,145) 0.000186761
(125,125) 0.000548632
(125,104) 9.2673e-05
(125,115) 0.000183869
(125,138) 0.000181643
(125,147) 9.04471e-05
(126,126) 0.00106611
(126,105) 0.000188303
(126,115) 0.000184894
(126,116) 0.000179193
(126,138) 0.0001771
(126,140) 0.000167655
(126,150) 0.00016897
(127,127) 0.00125096
(127,111) 0.000163534
(127,113) 0.000183711
(127,120) 0.000180915
(127,136) 0.000182878
(127,141) 0.000198779
(127,148) 0.000161737
(127,151) 0.000179405
(128,128) 0.00105747
(128,112) 0.000173514
(128,114) 0.00017184
(128,131) 0.000176973
(128,135) 0.000175722
(128,146) 0.000179501
(128,149) 0.000179924
(129,129) 0.00107297
(129,107) 0.000176937
(129,119) 0.000178601
(129,120) 0.00017721
(129,141) 0.000180154
(129,142) 0.000179392
(129,153) 0.000180672
(130,130) 0.00107623
(130,108) 0.000179158
(130,119) 0.000179263
(130,123) 0.000179206
(130,142) 0.000179469
(130,143) 0.000179486
(130,156) 0.000179644
(131,131) 0.00106633
(131,112) 0.000175832
(131,117) 0.000176998
(131,128) 0.000176973
(131,139) 0.000178414
(131,146) 0.000178918
(131,152) 0.000179193
(132,132) 0.000542858
(132,109) 9.0147e-05
(132,122) 0.000180988
(132,144) 0.000181282
(132,158) 9.04414e-05
(133,133) 0.00110428
(133,110) 0.000183886
(133,122) 0.000182794
(133,124) 0.00018576
(133,144) 0.000182372
(133,145) 0.00018588
(133,159) 0.000183583
(134,134) 0.000989758
(134,116) 0.000168297
(134,118) 0.000171573
(134,137) 0.000186246
(134,140) 0.000145981
(134,154) 0.000177324
(134,157) 0.000140335
(135,135) 0.00105936
(135,114) 0.000167815
(135,121) 0.000166823
(135,128) 0.000175722
(135,137) 0.000178436
(135,149) 0.000183429
(135,155) 0.000187136
(136,136) 0.00110309
(136,113) 0.000194472
(136,124) 0.000186172
(136,127) 0.000182878
(136,145) 0.00019505
(136,148) 0.000162021
(136,160) 0.000182493
(137,137) 0.00111331
(137,118) 0.00016808
(137,121) 0.000167368
(137,134) 0.000186246
(137,135) 0.000178436
(137,154) 0.000210139
(137,155) 0.000203041
(138,138) 0.00106814
(138,115) 0.000181581
(138,125) 0.000181643
(138,126) 0.0001771
(138,147) 0.000179019
(138,150) 0.000173472
(138,162) 0.00017533
(139,139) 0.00107343
(139,117) 0.00017812
(139,123) 0.000178755
(139,131) 0.000178414
(139,143) 0.000179314
(139,152) 0.000179281
(139,161) 0.000179545
(140,140) 0.000905136
(140,116) 0.000167871
(140,126) 0.000167655
(140,134) 0.000145981
(140,150) 0.000158892
(140,157) 0.000125805
(140,163) 0.000138932
(141,141) 0.00111646
(141,120) 0.000188888
(141,127) 0.000198779
(141,129) 0.000180154
(141,151) 0.000187741
(141,153) 0.0001816
(141,164) 0.000179296
(142,142) 0.0010775
(142,119) 0.000179246
(142,129) 0.000179392
(142,130) 0.000179469
(142,153) 0.000179758
(142,156) 0.000179747
(142,165) 0.000179889
(143,143) 0.00107728
(143,123) 0.000179218
(143,130) 0.000179486
(143,139) 0.000179314
(143,156) 0.000179724
(143,161) 0.000179697
(143,168) 0.000179838
(144,144) 0.00109071
(144,122) 0.000181878
(144,132) 0.000181282
(144,133) 0.000182372
(144,158) 0.000181469
(144,159) 0.000182009
(144,170) 0.000181702
(145,145) 0.00113848
(145,124) 0.000186761
(145,133) 0.00018588
(145,136) 0.00019505
(145,159) 0.000182211
(145,160) 0.000200268
(145,172) 0.00018831
(146,146) 0.00108418
(146,128) 0.000179501
(146,131) 0.000178918
(146,149) 0.000181912
(146,152) 0.00018001
(146,166) 0.00018258
(146,167) 0.000181262
(147,147) 0.000537367
(147,125) 9.04471e-05
(147,138) 0.000179019
(147,162) 0.000178236
(147,173) 8.96643e-05
(148,148) 0.000778564
(148,127) 0.000161737
(148,136) 0.000162021
(148,151) 0.0001491
(148,160) 0.000158733
(148,169) 0.000146972
(149,149) 0.00110994
(149,128) 0.000179924
(149,135) 0.000183429
(149,146) 0.000181912
(149,155) 0.0001901
(149,166) 0.000184944
(149,171) 0.000189627
(150,150) 0.000995515
(150,126) 0.00016897
(150,138) 0.000173472
(150,140) 0.000158892
(150,162) 0.00017157
(150,163) 0.000157217
(150,176) 0.000165394
(151,151) 0.00101492
(151,127) 0.000179405
(151,141) 0.000187741
(151,148) 0.0001491
(151,164) 0.000175294
(151,169) 0.000152759
(151,178) 0.000170617
(152,152) 0.00107906
(152,131) 0.000179193
(152,139) 0.000179281
(152,146) 0.00018001
(152,161) 0.000179798
(152,167) 0.000180538
(152,177) 0.000180238
(153,153) 0.00108155
(153,129) 0.000180672
(153,141) 0.0001816
(153,142) 0.000179758
(153,164) 0.000180176
(153,165) 0.000179927
(153,179) 0.000179418
(154,154) 0.0013846
(154,134) 0.000177324
(154,137) 0.000210139
(154,155) 0.000223384
(154,157) 0.000153616
(154,174) 0.00022594
(154,175) 0.000179395
(154,182) 0.000214801
(155,155) 0.00121281
(155,135) 0.000187136
(155,137) 0.000203041
(155,149) 0.0001901
(155,154) 0.000223384
(155,171) 0.000195886
(155,174) 0.000213265
(156,156) 0.00107887
(156,130) 0.000179644
(156,142) 0.000179747
(156,143) 0.000179724
(156,165) 0.000179871
(156,168) 0.000179922
(156,180) 0.000179967
(157,157) 0.000685354
(157,134) 0.000140335
(157,140) 0.000125805
(157,154) 0.000153616
(157,163) 0.000125552
(157,175) 0.000140046
(158,158) 0.000544758
(158,132) 9.04414e-05
(158,144) 0.000181469
(158,170) 0.000181937
(158,181) 9.09098e-05
(159,159) 0.00108681
(159,133) 0.000183583
(159,144) 0.000182009
(159,145) 0.000182211
(159,170) 0.000181493
(159,172) 0.000178327
(159,183) 0.000179183
(160,160) 0.00120308
(160,136) 0.000182493
(160,145) 0.000200268
(160,148) 0.000158733
(160,169) 0.000169631
(160,172) 0.000174508
(160,184) 0.000166375
(160,186) 0.000151066
(161,161) 0.00107913
(161,139) 0.000179545
(161,143) 0.000179697
(161,152) 0.000179798
(161,168) 0.000179924
(161,177) 0.000180094
(161,185) 0.00018007
(162,162) 0.00105184
(162,138) 0.00017533
(162,147) 0.000178236
(162,150) 0.00017157
(162,173) 0.000178368
(162,176) 0.000172222
(162,188) 0.000176113
(163,163) 0.000887047
(163,140) 0.000138932
(163,150) 0.000157217
(163,157) 0.000125552
(163,175) 0.000143139
(163,176) 0.000161453
(163,190) 0.000160755
(164,164) 0.00106497
(164,141) 0.000179296
(164,151) 0.000175294
(164,153) 0.000180176
(164,178) 0.000174578
(164,179) 0.000178612
(164,191) 0.000177015
(165,165) 0.00107921
(165,142) 0.000179889
(165,153) 0.000179927
(165,156) 0.000179871
(165,179) 0.000179751
(165,180) 0.000179964
(165,193) 0.000179806
(166,166) 0.00110402
(166,146) 0.00018258
(166,149) 0.000184944
(166,167) 0.000182094
(166,171) 0.000186576
(166,187) 0.000182853
(166,189) 0.000184971
(167,167) 0.00108711
(167,146) 0.000181262
(167,152) 0.000180538
(167,166) 0.000182094
(167,177) 0.000180554
(167,187) 0.000181738
(167,192) 0.000180922
(168,168) 0.00107987
(168,143) 0.000179838
(168,156) 0.000179922
(168,161) 0.000179924
(168,180) 0.000180022
(168,185) 0.000180076
(168,196) 0.00018009
(169,169) 0.00098006
(169,148) 0.000146972
(169,151) 0.000152759
(169,160) 0.000169631
(169,178) 0.000168653
(169,184) 0.000174404
(169,195) 0.00016764
(170,170) 0.00109315
(170,144) 0.000181702
(170,158) 0.000181937
(170,159) 0.000181493
(170,181) 0.000182838
(170,183) 0.000182036
(170,197) 0.000183146
(171,171) 0.00114756
(171,149) 0.000189627
(171,155) 0.000195886
(171,166) 0.000186576
(171,174) 0.000196918
(171,189) 0.000187236
(171,194) 0.000191319
(172,172) 0.00101479
(172,145) 0.00018831
(172,159) 0.000178327
(172,160) 0.000174508
(172,183) 0.00017517
(172,186) 0.000143917
(172,198) 0.000154561
(173,173) 0.000537669
(173,147) 8.96643e-05
(173,162) 0.000178368
(173,188) 0.00017917
(173,201) 9.04661e-05
(174,174) 0.00123343
(174,154) 0.00022594
(174,155) 0.000213265
(174,171) 0.000196918
(174,182) 0.000209494
(174,194) 0.000193957
(174,199) 0.000193858
(175,175) 0.000995378
(175,154) 0.000179395
(175,157) 0.000140046
(175,163) 0.000143139
(175,182) 0.000191966
(175,190) 0.000165677
(175,200) 0.000175155
(176,176) 0.00101584
(176,150) 0.000165394
(176,162) 0.000172222
(176,163) 0.000161453
(176,188) 0.000175196
(176,190) 0.00016733
(176,203) 0.000174245
(177,177) 0.00108189
(177,152) 0.000180238
(177,161) 0.000180094
(177,167) 0.000180554
(177,185) 0.00018017
(177,192) 0.00018054
(177,202) 0.000180298
(178,178) 0.00103595
(178,151) 0.000170617
(178,164) 0.000174578
(178,169) 0.000168653
(178,191) 0.000175804
(178,195) 0.000171553
(178,204) 0.000174743
(179,179) 0.00107489
(179,153) 0.000179418
(179,164) 0.000178612
(179,165) 0.000179751
(179,191) 0.000178436
(179,193) 0.000179589
(179,205) 0.00017908
(180,180) 0.00108008
(180,156) 0.000179967
(180,165) 0.000179964
(180,168) 0.000180022
(180,193) 0.000179975
(180,196) 0.000180096
(180,207) 0.000180052
(181,181) 0.000549675
(181,158) 9.09098e-05
(181,170) 0.000182838
(181,197) 0.000183928
(181,209) 9.20002e-05
(182,182) 0.00117204
(182,154) 0.000214801
(182,174) 0.000209494
(182,175) 0.000191966
(182,199) 0.000190513
(182,200) 0.000180706
(182,213) 0.00018456
(183,183) 0.00108431
(183,159) 0.000179183
(183,170) 0.000182036
(183,172) 0.00017517
(183,197) 0.000185132
(183,198) 0.000177841
(183,212) 0.00018495
(184,184) 0.000972748
(184,160) 0.000166375
(184,169) 0.000174404
(184,186) 0.000141663
(184,195) 0.000168218
(184,206) 0.000151781
(184,211) 0.000170307
(185,185) 0.00108082
(185,161) 0.00018007
(185,168) 0.000180076
(185,177) 0.00018017
(185,196) 0.000180126
(185,202) 0.000180215
(185,214) 0.000180165
(186,186) 0.00070838
(186,160) 0.000151066
(186,172) 0.000143917
(186,184) 0.000141663
(186,198) 0.000136366
(186,206) 0.000135368
(187,187) 0.00109122
(187,166) 0.000182853
(187,167) 0.000181738
(187,189) 0.000182922
(187,192) 0.000181019
(187,208) 0.00018174
(187,210) 0.000180952
(188,188) 0.00107189
(188,162) 0.000176113
(188,173) 0.00017917
(188,176) 0.000175196
(188,201) 0.000181474
(188,203) 0.000178356
(188,216) 0.000181577
(189,189) 0.00110785
(189,166) 0.000184971
(189,171) 0.000187236
(189,187) 0.000182922
(189,194) 0.00018641
(189,208) 0.000182542
(189,215) 0.000183765
(190,190) 0.00102036
(190,163) 0.000160755
(190,175) 0.000165677
(190,176) 0.00016733
(190,200) 0.000174157
(190,203) 0.00017527
(190,217) 0.000177175
(191,191) 0.0010648
(191,164) 0.000177015
(191,178) 0.000175804
(191,179) 0.000178436
(191,204) 0.000176721
(191,205) 0.000178663
(191,220) 0.000178159
(192,192) 0.00108372
(192,167) 0.000180922
(192,177) 0.00018054
(192,187) 0.000181019
(192,202) 0.000180335
(192,210) 0.000180603
(192,219) 0.0001803
(193,193) 0.0010788
(193,165) 0.000179806
(193,179) 0.000179589
(193,180) 0.000179975
(193,205) 0.0001796
(193,207) 0.000179996
(193,221) 0.000179838
(194,194) 0.00112926
(194,171) 0.000191319
(194,174) 0.000193957
(194,189) 0.00018641
(194,199) 0.000188937
(194,215) 0.000184372
(194,218) 0.000184262
(195,195) 0.00103167
(195,169) 0.00016764
(195,178) 0.000171553
(195,184) 0.000168218
(195,204) 0.000174805
(195,211) 0.00017339
(195,222) 0.000176064
(196,196) 0.00108073
(196,168) 0.00018009
(196,180) 0.000180096
(196,185) 0.000180126
(196,207) 0.000180117
(196,214) 0.00018016
(196,223) 0.000180144
(197,197) 0.00111312
(197,170) 0.000183146
(197,181) 0.000183928
(197,183) 0.000185132
(197,209) 0.00018498
(197,212) 0.000188436
(197,225) 0.000187502
(198,198) 0.0010456
(198,172) 0.000154561
(198,183) 0.000177841
(198,186) 0.000136366
(198,206) 0.000170042
(198,212) 0.000198199
(198,224) 0.000208596
(199,199) 0.00111668
(199,174) 0.000193858
(199,182) 0.000190513
(199,194) 0.000188937
(199,213) 0.000182153
(199,218) 0.000182328
(199,226) 0.000178888
(200,200) 0.0010665
(200,175) 0.000175155
(200,182) 0.000180706
(200,190) 0.000174157
(200,213) 0.000179985
(200,217) 0.000178112
(200,227) 0.000178389
(201,201) 0.000547425
(201,173) 9.04661e-05
(201,188) 0.000181474
(201,216) 0.000183246
(201,229) 9.22386e-05
(202,202) 0.00108137
(202,177) 0.000180298
(202,185) 0.000180215
(202,192) 0.000180335
(202,214) 0.000180164
(202,219) 0.000180223
(202,228) 0.000180135
(203,203) 0.00107767
(203,176) 0.000174245
(203,188) 0.000178356
(203,190) 0.00017527
(203,216) 0.000183459
(203,217) 0.000181129
(203,232) 0.000185207
(204,204) 0.00105989
(204,178) 0.000174743
(204,191) 0.000176721
(204,195) 0.000174805
(204,220) 0.000178063
(204,222) 0.000177141
(204,234) 0.00017842
(205,205) 0.00107556
(205,179) 0.00017908
(205,191) 0.000178663
(205,193) 0.0001796
(205,220) 0.00017899
(205,221) 0.000179711
(205,235) 0.000179518
(206,206) 0.0010407
(206,184) 0.000151781
(206,186) 0.000135368
(206,198) 0.000170042
(206,211) 0.000176028
(206,224) 0.000208953
(206,230) 0.000198526
(207,207) 0.00108042
(207,180) 0.000180052
(207,193) 0.000179996
(207,196) 0.000180117
(207,221) 0.000180021
(207,223) 0.000180138
(207,236) 0.000180098
(208,208) 0.00108699
(208,187) 0.00018174
(208,189) 0.000182542
(208,210) 0.000180583
(208,215) 0.000181782
(208,231) 0.000179972
(208,233) 0.000180368
(209,209) 0.000555346
(209,181) 9.20002e-05
(209,197) 0.00018498
(209,225) 0.000185673
(209,240) 9.26927e-05
(210,210) 0.00108197
(210,187) 0.000180952
(210,192) 0.000180603
(210,208) 0.000180583
(210,219) 0.000180159
(210,231) 0.000179872
(210,237) 0.000179797
(211,211) 0.00106744
(211,184) 0.000170307
(211,195) 0.00017339
(211,206) 0.000176028
(211,222) 0.000178535
(211,230) 0.000184878
(211,239) 0.000184302
(212,212) 0.00117784
(212,183) 0.00018495
(212,197) 0.000188436
(212,198) 0.000198199
(212,224) 0.000215052
(212,225) 0.000188918
(212,241) 0.000202284
(213,213) 0.00106105
(213,182) 0.00018456
(213,199) 0.000182153
(213,200) 0.000179985
(213,226) 0.000172774
(213,227) 0.000173192
(213,243) 0.000168388
(214,214) 0.00108087
(214,185) 0.000180165
(214,196) 0.00018016
(214,202) 0.000180164
(214,223) 0.000180141
(214,228) 0.000180131
(214,242) 0.000180113
(215,215) 0.00109444
(215,189) 0.000183765
(215,194) 0.000184372
(215,208) 0.000181782
(215,218) 0.000182543
(215,233) 0.000180914
(215,238) 0.000181068
(216,216) 0.00111202
(216,188) 0.000181577
(216,201) 0.000183246
(216,203) 0.000183459
(216,229) 0.000186661
(216,232) 0.000187771
(216,246) 0.000189303
(217,217) 0.0010984
(217,190) 0.000177175
(217,200) 0.000178112
(217,203) 0.000181129
(217,227) 0.000183333
(217,232) 0.000188689
(217,245) 0.000189957
(218,218) 0.00108557
(218,194) 0.000184262
(218,199) 0.000182328
(218,215) 0.000182543
(218,226) 0.00017813
(218,238) 0.000180391
(218,244) 0.000177912
(219,219) 0.00108058
(219,192) 0.0001803
(219,202) 0.000180223
(219,210) 0.000180159
(219,228) 0.000180061
(219,237) 0.000179931
(219,247) 0.00017991
(220,220) 0.00107318
(220,191) 0.000178159
(220,204) 0.000178063
(220,205) 0.00017899
(220,234) 0.000178966
(220,235) 0.000179466
(220,248) 0.000179537
(221,221) 0.00107949
(221,193) 0.000179838
(221,205) 0.000179711
(221,207) 0.000180021
(221,235) 0.000179835
(221,236) 0.000180073
(221,250) 0.000180015
(222,222) 0.00107399
(222,195) 0.000176064
(222,204) 0.000177141
(222,211) 0.000178535
(222,234) 0.000179332
(222,239) 0.000181599
(222,251) 0.00018132
(223,223) 0.00108081
(223,196) 0.000180144
(223,207) 0.000180138
(223,214) 0.000180141
(223,236) 0.000180137
(223,242) 0.000180126
(223,252) 0.000180129
(224,224) 0.00143132
(224,198) 0.000208596
(224,206) 0.000208953
(224,212) 0.000215052
(224,230) 0.000219736
(224,241) 0.000196787
(224,249) 0.000202758
(224,255) 0.000179442
(225,225) 0.00112032
(225,197) 0.000187502
(225,209) 0.000185673
(225,212) 0.000188918
(225,240) 0.000185638
(225,241) 0.00018702
(225,254) 0.00018557
(226,226) 0.00103378
(226,199) 0.000178888
(226,213) 0.000172774
(226,218) 0.00017813
(226,243) 0.000164672
(226,244) 0.000173331
(226,258) 0.000165987
(227,227) 0.0010638
(227,200) 0.000178389
(227,213) 0.000173192
(227,217) 0.000183333
(227,243) 0.000168116
(227,245) 0.000185396
(227,260) 0.000175376
(228,228) 0.00108023
(228,202) 0.000180135
(228,214) 0.000180131
(228,219) 0.000180061
(228,242) 0.000180029
(228,247) 0.00017995
(228,259) 0.000179922
(229,229) 0.000561949
(229,201) 9.22386e-05
(229,216) 0.000186661
(229,246) 0.000188736
(229,262) 9.43137e-05
(230,230) 0.00119993
(230,206) 0.000198526
(230,211) 0.000184878
(230,224) 0.000219736
(230,239) 0.000190314
(230,249) 0.000211126
(230,257) 0.000195352
(231,231) 0.00107437
(231,208) 0.000179972
(231,210) 0.000179872
(231,233) 0.000178987
(231,237) 0.000179336
(231,253) 0.000177875
(231,256) 0.000178324
(232,232) 0.00115398
(232,203) 0.000185207
(232,216) 0.000187771
(232,217) 0.000188689
(232,245) 0.000197095
(232,246) 0.000194687
(232,263) 0.000200529
(233,233) 0.00107736
(233,208) 0.000180368
(233,215) 0.000180914
(233,231) 0.000178987
(233,238) 0.000180282
(233,253) 0.00017803
(233,261) 0.00017878
(234,234) 0.00107764
(234,204) 0.00017842
(234,220) 0.000178966
(234,222) 0.000179332
(234,248) 0.000179836
(234,251) 0.000180563
(234,265) 0.000180521
(235,235) 0.00107863
(235,205) 0.000179518
(235,220) 0.000179466
(235,221) 0.000179835
(235,248) 0.000179794
(235,250) 0.000180003
(235,266) 0.000180013
(236,236) 0.00108072
(236,207) 0.000180098
(236,221) 0.000180073
(236,223) 0.000180137
(236,250) 0.000180113
(236,252) 0.000180147
(236,268) 0.000180148
(237,237) 0.00107764
(237,210) 0.000179797
(237,219) 0.000179931
(237,231) 0.000179336
(237,247) 0.000179832
(237,256) 0.000179191
(237,267) 0.000179553
(238,238) 0.0010857
(238,215) 0.000181068
(238,218) 0.000180391
(238,233) 0.000180282
(238,244) 0.000180661
(238,261) 0.00018112
(238,264) 0.000182176
(239,239) 0.00111692
(239,211) 0.000184302
(239,222) 0.000181599
(239,230) 0.000190314
(239,251) 0.000183537
(239,257) 0.00019062
(239,269) 0.000186546
(240,240) 0.00055663
(240,209) 9.26927e-05
(240,225) 0.000185638
(240,254) 0.000185622
(240,270) 9.26767e-05
(241,241) 0.00110221
(241,212) 0.000202284
(241,224) 0.000196787
(241,225) 0.00018702
(241,254) 0.000184163
(241,255) 0.000164659
(241,272) 0.000167299
(242,242) 0.00108025
(242,214) 0.000180113
(242,223) 0.000180126
(242,228) 0.000180029
(242,252) 0.000180069
(242,259) 0.00017994
(242,271) 0.000179967
(243,243) 0.000927685
(243,213) 0.000168388
(243,226) 0.000164672
(243,227) 0.000168116
(243,258) 0.000145355
(243,260) 0.000150099
(243,273) 0.000131055
(244,244) 0.00105979
(244,218) 0.000177912
(244,226) 0.000173331
(244,238) 0.000180661
(244,258) 0.000170939
(244,264) 0.000181043
(244,274) 0.000175903
(245,245) 0.00121835
(245,217) 0.000189957
(245,227) 0.000185396
(245,232) 0.000197095
(245,260) 0.000201458
(245,263) 0.00021776
(245,276) 0.000226684
(246,246) 0.00116184
(246,216) 0.000189303
(246,229) 0.000188736
(246,232) 0.000194687
(246,262) 0.000191619
(246,263) 0.000199996
(246,279) 0.000197495
(247,247) 0.00107871
(247,219) 0.00017991
(247,228) 0.00017995
(247,237) 0.000179832
(247,259) 0.000179701
(247,267) 0.000179744
(247,277) 0.000179574
(248,248) 0.00107992
(248,220) 0.000179537
(248,234) 0.000179836
(248,235) 0.000179794
(248,265) 0.000180315
(248,266) 0.00018011
(248,281) 0.000180333
(249,249) 0.00120074
(249,224) 0.000202758
(249,230) 0.000211126
(249,255) 0.000179498
(249,257) 0.00019803
(249,275) 0.000199584
(249,278) 0.000209748
(250,250) 0.0010806
(250,221) 0.000180015
(250,235) 0.000180003
(250,236) 0.000180113
(250,266) 0.000180117
(250,268) 0.000180167
(250,283) 0.000180183
(251,251) 0.00109351
(251,222) 0.00018132
(251,234) 0.000180563
(251,239) 0.000183537
(251,265) 0.000181359
(251,269) 0.000184077
(251,284) 0.000182657
(252,252) 0.00108059
(252,223) 0.000180129
(252,236) 0.000180147
(252,242) 0.000180069
(252,268) 0.000180136
(252,271) 0.000180029
(252,285) 0.000180078
(253,253) 0.00105486
(253,231) 0.000177875
(253,233) 0.00017803
(253,256) 0.000176366
(253,261) 0.000176288
(253,280) 0.000173265
(253,282) 0.000173032
(254,254) 0.00111097
(254,225) 0.00018557
(254,240) 0.000185622
(254,241) 0.000184163
(254,270) 0.000185924
(254,272) 0.000183993
(254,287) 0.000185701
(255,255) 0.000861934
(255,224) 0.000179442
(255,241) 0.000164659
(255,249) 0.000179498
(255,272) 0.000162571
(255,275) 0.000175765
(256,256) 0.00107034
(256,231) 0.000178324
(256,237) 0.000179191
(256,253) 0.000176366
(256,267) 0.000180316
(256,280) 0.000176531
(256,286) 0.000179614
(257,257) 0.0011611
(257,230) 0.000195352
(257,239) 0.00019062
(257,249) 0.00019803
(257,269) 0.000188872
(257,278) 0.000196325
(257,289) 0.000191898
(258,258) 0.000970583
(258,226) 0.000165987
(258,243) 0.000145355
(258,244) 0.000170939
(258,273) 0.000139352
(258,274) 0.000179952
(258,291) 0.000168997
(259,259) 0.00107821
(259,228) 0.000179922
(259,242) 0.00017994
(259,247) 0.000179701
(259,271) 0.000179749
(259,277) 0.000179435
(259,290) 0.000179465
(260,260) 0.00105088
(260,227) 0.000175376
(260,243) 0.000150099
(260,245) 0.000201458
(260,273) 0.000135815
(260,276) 0.000214247
(260,292) 0.00017388
(261,261) 0.00107276
(261,233) 0.00017878
(261,238) 0.00018112
(261,253) 0.000176288
(261,264) 0.000182266
(261,282) 0.000175332
(261,288) 0.000178969
(262,262) 0.000573772
(262,229) 9.43137e-05
(262,246) 0.000191619
(262,279) 0.000192572
(262,295) 9.52666e-05
(263,263) 0.00127572
(263,232) 0.000200529
(263,245) 0.00021776
(263,246) 0.000199996
(263,276) 0.000234211
(263,279) 0.000203118
(263,294) 0.000220102
(264,264) 0.00112955
(264,238) 0.000182176
(264,244) 0.000181043
(264,261) 0.000182266
(264,274) 0.000190636
(264,288) 0.000191964
(264,293) 0.000201467
(265,265) 0.00108561
(265,234) 0.000180521
(265,248) 0.000180315
(265,251) 0.000181359
(265,281) 0.000180635
(265,284) 0.000181651
(265,297) 0.000181133
(266,266) 0.00108106
(266,235) 0.000180013
(266,248) 0.00018011
(266,250) 0.000180117
(266,281) 0.00018029
(266,283) 0.000180228
(266,299) 0.000180305
(267,267) 0.00107974
(267,237) 0.000179553
(267,247) 0.000179744
(267,256) 0.000180316
(267,277) 0.000179158
(267,286) 0.00018116
(267,296) 0.00017981
(268,268) 0.00108098
(268,236) 0.000180148
(268,250) 0.000180167
(268,252) 0.000180136
(268,283) 0.000180202
(268,285) 0.000180143
(268,300) 0.000180189
(269,269) 0.00111619
(269,239) 0.000186546
(269,251) 0.000184077
(269,257) 0.000188872
(269,284) 0.000183797
(269,289) 0.000187751
(269,302) 0.000185145
(270,270) 0.000557894
(270,240) 9.26767e-05
(270,254) 0.000185924
(270,287) 0.00018627
(270,304) 9.30226e-05
(271,271) 0.00107903
(271,242) 0.000179967
(271,252) 0.000180029
(271,259) 0.000179749
(271,285) 0.000179951
(271,290) 0.000179596
(271,303) 0.000179737
(272,272) 0.00109009
(272,241) 0.000167299
(272,254) 0.000183993
(272,255) 0.000162571
(272,275) 0.000191385
(272,287) 0.000186359
(272,298) 0.00019848
(273,273) 0.00070679
(273,243) 0.000131055
(273,258) 0.000139352
(273,260) 0.000135815
(273,291) 0.000153061
(273,292) 0.000147507
(274,274) 0.00105835
(274,244) 0.000175903
(274,258) 0.000179952
(274,264) 0.000190636
(274,291) 0.00017326
(274,293) 0.000180011
(274,306) 0.000158585
(275,275) 0.0013427
(275,249) 0.000199584
(275,255) 0.000175765
(275,272) 0.000191385
(275,278) 0.000217283
(275,298) 0.000191757
(275,301) 0.000193199
(275,314) 0.000173728
(276,276) 0.0014763
(276,245) 0.000226684
(276,260) 0.000214247
(276,263) 0.000234211
(276,292) 0.000211354
(276,294) 0.000210108
(276,310) 0.000196759
(276,312) 0.00018294
(277,277) 0.00107354
(277,247) 0.000179574
(277,259) 0.000179435
(277,267) 0.000179158
(277,290) 0.000178888
(277,296) 0.000178307
(277,308) 0.000178176
(278,278) 0.00120852
(278,249) 0.000209748
(278,257) 0.000196325
(278,275) 0.000217283
(278,289) 0.000193287
(278,301) 0.000201223
(278,309) 0.00019065
(279,279) 0.00119007
(279,246) 0.000197495
(279,262) 0.000192572
(279,263) 0.000203118
(279,294) 0.000203704
(279,295) 0.000193837
(279,313) 0.000199346
(280,280) 0.00102504
(280,253) 0.000173265
(280,256) 0.000176531
(280,282) 0.000155902
(280,286) 0.00018817
(280,305) 0.000151087
(280,307) 0.000180089
(281,281) 0.00108303
(281,248) 0.000180333
(281,265) 0.000180635
(281,266) 0.00018029
(281,297) 0.000180769
