(0,0) 0.0678571
(0,1) 0.014881
(0,2) 0.0122024
(0,3) 0.0122024
(0,4) 0.00952381
(0,5) 0.00952381
(0,6) 0.00952381
(1,1) 0.0297619
(1,0) 0.014881
(1,2) 0.00744048
(1,3) 0.00744048
(2,2) 0.0369048
(2,0) 0.0122024
(2,1) 0.00744048
(2,4) 0.0110119
(2,7) 0.00625
(3,3) 0.0369048
(3,0) 0.0122024
(3,1) 0.00744048
(3,5) 0.0110119
(3,8) 0.00625
(4,4) 0.0535714
(4,0) 0.00952381
(4,2) 0.0110119
(4,6) 0.00952381
(4,7) 0.0125
(4,9) 0.0110119
(5,5) 0.0535714
(5,0) 0.00952381
(5,3) 0.0110119
(5,6) 0.00952381
(5,8) 0.0125
(5,10) 0.0110119
(6,6) 0.0678571
(6,0) 0.00952381
(6,4) 0.00952381
(6,5) 0.00952381
(6,9) 0.0122024
(6,10) 0.0122024
(6,11) 0.014881
(7,7) 0.025
(7,2) 0.00625
(7,4) 0.0125
(7,9) 0.00625
(8,8) 0.025
(8,3) 0.00625
(8,5) 0.0125
(8,10) 0.00625
(9,9) 0.0369048
(9,4) 0.0110119
(9,6) 0.0122024
(9,7) 0.00625
(9,11) 0.00744048
(10,10) 0.0369048
(10,5) 0.0110119
(10,6) 0.0122024
(10,8) 0.00625
(10,11) 0.00744048
(11,11) 0.0297619
(11,6) 0.014881
(11,9) 0.00744048
(11,10) 0.00744048
